ID	chromosome	start	end	N	log2.ratio
WUPDTC-003-M01_PT_WES	1	69428	120833504	4342807	0.00618674
WUPDTC-003-M01_PT_WES	1	143729574	248916508	3706794	-0.0428562
WUPDTC-003-M01_PT_WES	2	272529	91443715	2045412	0.0362234
WUPDTC-003-M01_PT_WES	2	95110016	241816853	3883321	0.0163932
WUPDTC-003-M01_PT_WES	3	344564	72846194	2243053	0.134854
WUPDTC-003-M01_PT_WES	3	72955006	89479327	81904	-0.0205913
WUPDTC-003-M01_PT_WES	3	93886282	198169918	2371479	0.000161988
WUPDTC-003-M01_PT_WES	4	86907	48849920	967580	-0.0233766
WUPDTC-003-M01_PT_WES	4	52018073	190026883	2153640	-0.127065
WUPDTC-003-M01_PT_WES	5	163090	44814864	699205	0.0675551
WUPDTC-003-M01_PT_WES	5	50405921	141418063	1782059	0.0402812
WUPDTC-003-M01_PT_WES	5	141419072	181368215	1093855	0.108407
WUPDTC-003-M01_PT_WES	6	312023	32223953	963186	-0.0959203
WUPDTC-003-M01_PT_WES	6	32332131	32661384	11987	-0.258866
WUPDTC-003-M01_PT_WES	6	32661939	57382049	1068368	-0.0874231
WUPDTC-003-M01_PT_WES	6	61574236	170584276	1924817	-0.164184
WUPDTC-003-M01_PT_WES	7	246436	57469686	1187297	0.0430343
WUPDTC-003-M01_PT_WES	7	63632536	159144893	2538816	0.0334304
WUPDTC-003-M01_PT_WES	8	413192	36918749	749287	-0.264186
WUPDTC-003-M01_PT_WES	8	36922691	43292832	230232	0.310768
WUPDTC-003-M01_PT_WES	8	47261015	118951777	989542	-0.0747176
WUPDTC-003-M01_PT_WES	8	119089699	141474044	364707	0.216772
WUPDTC-003-M01_PT_WES	8	141494938	144890458	327369	0.257248
WUPDTC-003-M01_PT_WES	9	14816	116832	3832	-0.303261
WUPDTC-003-M01_PT_WES	9	117428	41188974	797847	-0.0841147
WUPDTC-003-M01_PT_WES	9	60915753	68304198	55627	-0.129666
WUPDTC-003-M01_PT_WES	9	68499396	138233800	2434273	1.01E-08
WUPDTC-003-M01_PT_WES	10	47663	38118591	741992	-0.172784
WUPDTC-003-M01_PT_WES	10	42797199	100233276	1513995	-0.100908
WUPDTC-003-M01_PT_WES	10	100294695	133626863	998269	-0.0675714
WUPDTC-003-M01_PT_WES	11	193194	3102169	324186	0.146038
WUPDTC-003-M01_PT_WES	11	3102310	49208281	1277447	-0.0204485
WUPDTC-003-M01_PT_WES	11	55343537	134381883	2980120	0.0283363
WUPDTC-003-M01_PT_WES	12	67521	34023926	1067071	-0.012904
WUPDTC-003-M01_PT_WES	12	38679488	40490477	70408	-0.118353
WUPDTC-003-M01_PT_WES	12	40513708	133234117	3177733	0.0255598
WUPDTC-003-M01_PT_WES	13	19177404	114291857	1437247	-0.00146159
WUPDTC-003-M01_PT_WES	14	18601553	105488368	2474424	0.0699692
WUPDTC-003-M01_PT_WES	15	20535333	101744472	2793356	-0.0706245
WUPDTC-003-M01_PT_WES	16	53423	5079173	704171	0.130129
WUPDTC-003-M01_PT_WES	16	5079891	31465374	1086374	0.00109482
WUPDTC-003-M01_PT_WES	16	46621176	90037174	1600666	0.0378786
WUPDTC-003-M01_PT_WES	17	321307	21416700	1383302	0.00120499
WUPDTC-003-M01_PT_WES	17	27301794	83094678	3218584	0.00751848
WUPDTC-003-M01_PT_WES	18	166819	14752740	325305	-0.12529
WUPDTC-003-M01_PT_WES	18	21539840	80137309	898930	-0.148338
WUPDTC-003-M01_PT_WES	19	281360	8883697	949917	-0.0542828
WUPDTC-003-M01_PT_WES	19	8888697	8895740	3251	-0.322597
WUPDTC-003-M01_PT_WES	19	8908753	19656859	1160333	-0.0438724
WUPDTC-003-M01_PT_WES	19	19677730	24127230	105823	-0.263562
WUPDTC-003-M01_PT_WES	19	29606361	33008072	73828	0.155752
WUPDTC-003-M01_PT_WES	19	33172283	36718964	279762	0.59619
WUPDTC-003-M01_PT_WES	19	36748376	58571238	2247356	0.0277311
WUPDTC-003-M01_PT_WES	20	96321	25498422	587554	-0.152496
WUPDTC-003-M01_PT_WES	20	30289640	46689430	781020	0.280968
WUPDTC-003-M01_PT_WES	20	47212566	51671014	156438	0.490521
WUPDTC-003-M01_PT_WES	20	51671197	64273189	442140	0.223098
WUPDTC-003-M01_PT_WES	21	10413537	10603690	8407	-0.294309
WUPDTC-003-M01_PT_WES	21	14108913	46554669	805938	-0.185175
WUPDTC-003-M01_PT_WES	22	15529064	24441333	435983	0.194399
WUPDTC-003-M01_PT_WES	22	24495324	38607490	655597	-0.00915586
WUPDTC-003-M01_PT_WES	22	38620177	41992837	241897	0.374676
WUPDTC-003-M01_PT_WES	22	41995172	50770109	403265	0.013261
WUPDTC-003-M01_P6_WES	1	69428	120833504	4260083	-0.0298493
WUPDTC-003-M01_P6_WES	1	143729574	248916508	3638639	-0.0583725
WUPDTC-003-M01_P6_WES	2	272529	63899641	1356826	-0.297207
WUPDTC-003-M01_P6_WES	2	64989955	91443764	608139	-0.0451531
WUPDTC-003-M01_P6_WES	2	95110016	95991827	45158	-0.0942175
WUPDTC-003-M01_P6_WES	2	96114374	241816853	3744147	-0.037696
WUPDTC-003-M01_P6_WES	3	344564	69077982	2203990	0.534247
WUPDTC-003-M01_P6_WES	3	69104703	89479327	120840	0.494542
WUPDTC-003-M01_P6_WES	3	93886282	198169918	2350813	0.25421
WUPDTC-003-M01_P6_WES	4	86907	48849920	947054	-0.0788462
WUPDTC-003-M01_P6_WES	4	52018073	87615883	672593	-0.118501
WUPDTC-003-M01_P6_WES	4	87661983	190026296	1430680	-0.108453
WUPDTC-003-M01_P6_WES	5	163090	44814864	683170	0.045859
WUPDTC-003-M01_P6_WES	5	50405921	181368215	2817122	0.0569371
WUPDTC-003-M01_P6_WES	6	312023	57382049	1988356	-0.466915
WUPDTC-003-M01_P6_WES	6	62177126	170584276	1854146	-0.466065
WUPDTC-003-M01_P6_WES	7	246436	57469686	1165211	0.0671193
WUPDTC-003-M01_P6_WES	7	63632536	159144893	2495816	0.0544046
WUPDTC-003-M01_P6_WES	8	413192	6936059	83887	-1.0145
WUPDTC-003-M01_P6_WES	8	6977992	7828801	13857	-1.35974
WUPDTC-003-M01_P6_WES	8	7840920	12185530	81957	-1.05816
WUPDTC-003-M01_P6_WES	8	12185574	12434084	5196	-1.17025
WUPDTC-003-M01_P6_WES	8	12731670	35684796	515397	-1.02865
WUPDTC-003-M01_P6_WES	8	36804168	43292832	239399	1.08225
WUPDTC-003-M01_P6_WES	8	47261015	75559012	423207	0.564195
WUPDTC-003-M01_P6_WES	8	78686435	91960552	130402	-1.07053
WUPDTC-003-M01_P6_WES	8	94378693	117807339	362483	-0.0415586
WUPDTC-003-M01_P6_WES	8	117835543	138137267	292584	1.03374
WUPDTC-003-M01_P6_WES	8	138139132	144890458	414804	0.56896
WUPDTC-003-M01_P6_WES	9	14816	37692657	743002	0.415754
WUPDTC-003-M01_P6_WES	9	37719014	41188974	54631	0.223218
WUPDTC-003-M01_P6_WES	9	60915753	136925596	2300333	0.264262
WUPDTC-003-M01_P6_WES	9	136941910	138233800	179204	0.603201
WUPDTC-003-M01_P6_WES	10	47663	8074116	173045	-1.03104
WUPDTC-003-M01_P6_WES	10	11165082	38118591	546352	-0.0740394
WUPDTC-003-M01_P6_WES	10	42797199	100354706	1501779	-0.0696899
WUPDTC-003-M01_P6_WES	10	100356554	125841756	768851	-0.0516448
WUPDTC-003-M01_P6_WES	10	125994456	133391295	183921	0.0101461
WUPDTC-003-M01_P6_WES	10	133391446	133626863	14582	-0.0176969
WUPDTC-003-M01_P6_WES	11	193194	1010694	145629	0.369083
WUPDTC-003-M01_P6_WES	11	1016665	1099604	26872	0.251773
WUPDTC-003-M01_P6_WES	11	1099661	49208281	1417421	0.266846
WUPDTC-003-M01_P6_WES	11	55343537	56701017	49151	0.185345
WUPDTC-003-M01_P6_WES	11	56701078	134381883	2911432	0.273064
WUPDTC-003-M01_P6_WES	12	67521	34023926	1058037	0.242951
WUPDTC-003-M01_P6_WES	12	38679488	40513823	75222	0.212591
WUPDTC-003-M01_P6_WES	12	40526367	63989890	1219819	0.27688
WUPDTC-003-M01_P6_WES	12	64126026	132405089	1817004	0.0383502
WUPDTC-003-M01_P6_WES	12	132472883	132473999	914	0.289405
WUPDTC-003-M01_P6_WES	12	132510302	133234117	80687	0.0849342
WUPDTC-003-M01_P6_WES	13	19177404	114291857	1422642	0.247626
WUPDTC-003-M01_P6_WES	14	18601553	65101497	1207347	0.0449798
WUPDTC-003-M01_P6_WES	14	67562596	105488368	1200708	0.277868
WUPDTC-003-M01_P6_WES	15	20535333	22467396	17624	0.780978
WUPDTC-003-M01_P6_WES	15	22820436	32030726	197661	0.286065
WUPDTC-003-M01_P6_WES	15	32158503	34534057	116550	0.207582
WUPDTC-003-M01_P6_WES	15	34753111	100281442	2353388	-0.0530845
WUPDTC-003-M01_P6_WES	15	100331124	101027342	23062	0.553837
WUPDTC-003-M01_P6_WES	15	101051629	101744472	32197	0.123838
WUPDTC-003-M01_P6_WES	16	53423	31465374	1763419	-0.00851883
WUPDTC-003-M01_P6_WES	16	46621176	72959198	1033580	-0.0223539
WUPDTC-003-M01_P6_WES	16	72959932	74469962	17382	-0.0906505
WUPDTC-003-M01_P6_WES	16	74472549	90037174	520359	0.025915
WUPDTC-003-M01_P6_WES	17	321307	21253299	1355116	-0.0256924
WUPDTC-003-M01_P6_WES	17	21295547	21416700	5744	-0.0314522
WUPDTC-003-M01_P6_WES	17	27301794	35671664	425961	-0.0589352
WUPDTC-003-M01_P6_WES	17	35671783	37129560	83894	-0.219567
WUPDTC-003-M01_P6_WES	17	37193475	43216063	604303	0.17668
WUPDTC-003-M01_P6_WES	17	43906049	76948069	1535978	-0.0405322
WUPDTC-003-M01_P6_WES	17	77215978	77376257	3774	-0.0940734
WUPDTC-003-M01_P6_WES	17	77402416	83094678	458287	0.015118
WUPDTC-003-M01_P6_WES	18	166819	14752740	319752	-0.0131673
WUPDTC-003-M01_P6_WES	18	21539840	46816954	409611	0.181297
WUPDTC-003-M01_P6_WES	18	46817686	63987229	305030	-0.5341
WUPDTC-003-M01_P6_WES	18	66544014	80137309	152250	-1.1515
WUPDTC-003-M01_P6_WES	19	281360	5663909	596699	-0.814074
WUPDTC-003-M01_P6_WES	19	5678486	13299421	834988	-0.435283
WUPDTC-003-M01_P6_WES	19	13303780	19656859	639353	-3.68E-08
WUPDTC-003-M01_P6_WES	19	19677730	24127230	104859	-0.161141
WUPDTC-003-M01_P6_WES	19	29606361	29823759	7464	0.0281193
WUPDTC-003-M01_P6_WES	19	31277510	32468263	13599	1.32324
WUPDTC-003-M01_P6_WES	19	32468547	32999574	40000	0.687481
WUPDTC-003-M01_P6_WES	19	32999660	37155843	320664	1.31784
WUPDTC-003-M01_P6_WES	19	37363538	38876471	163416	-0.000316785
WUPDTC-003-M01_P6_WES	19	39175294	41304090	230799	0.640653
WUPDTC-003-M01_P6_WES	19	41332301	54274840	1294011	0.0365497
WUPDTC-003-M01_P6_WES	19	54337451	54508223	21404	0.0352424
WUPDTC-003-M01_P6_WES	19	54509038	54633126	9799	-0.0581343
WUPDTC-003-M01_P6_WES	19	54663551	58571238	431023	0.00828054
WUPDTC-003-M01_P6_WES	20	96321	25078910	540942	-0.440792
WUPDTC-003-M01_P6_WES	20	25195881	25498422	27915	0.33581
WUPDTC-003-M01_P6_WES	20	30289640	39038539	495297	0.770728
WUPDTC-003-M01_P6_WES	20	41101472	43571099	69553	1.38232
WUPDTC-003-M01_P6_WES	20	43945802	46689430	199229	0.832809
WUPDTC-003-M01_P6_WES	20	47212566	52186920	174710	1.35224
WUPDTC-003-M01_P6_WES	20	53185529	64273189	424431	0.521905
WUPDTC-003-M01_P6_WES	21	10413537	10603690	8156	-0.716029
WUPDTC-003-M01_P6_WES	21	14108913	15849761	19383	-1.07977
WUPDTC-003-M01_P6_WES	21	17513228	18297801	14762	-0.0514294
WUPDTC-003-M01_P6_WES	21	26482382	26966104	10573	0.0217809
WUPDTC-003-M01_P6_WES	21	28969569	30642851	40569	-1.03158
WUPDTC-003-M01_P6_WES	21	30829504	31154523	5612	-0.116201
WUPDTC-003-M01_P6_WES	21	31995875	43756077	397427	-0.970987
WUPDTC-003-M01_P6_WES	21	43795165	44558748	74277	0.0171604
WUPDTC-003-M01_P6_WES	21	44574233	46554669	144300	-0.86263
WUPDTC-003-M01_P6_WES	22	15529064	25190597	472308	0.305186
WUPDTC-003-M01_P6_WES	22	25354906	38139939	560504	-0.450835
WUPDTC-003-M01_P6_WES	22	38481456	41794305	233262	0.813771
WUPDTC-003-M01_P6_WES	22	41992837	45183541	130622	-0.471425
WUPDTC-003-M01_P6_WES	22	45197780	45328203	7578	-0.411967
WUPDTC-003-M01_P6_WES	22	45332715	50768921	252390	-0.393533
WUPDTC-004-T01_PT_WES	1	450718	30878666	1643211	0.108942
WUPDTC-004-T01_PT_WES	1	31239467	89171895	1763023	0.260903
WUPDTC-004-T01_PT_WES	1	89195545	114625476	639041	-0.491545
WUPDTC-004-T01_PT_WES	1	114857319	120833504	150155	-0.0693499
WUPDTC-004-T01_PT_WES	1	143882007	160491396	1099843	0.312338
WUPDTC-004-T01_PT_WES	1	160684968	192575969	817516	-0.0852081
WUPDTC-004-T01_PT_WES	1	196743466	204117019	313226	-0.307104
WUPDTC-004-T01_PT_WES	1	204122040	224294382	577008	-0.0500127
WUPDTC-004-T01_PT_WES	1	224356827	248816707	746014	0.34516
WUPDTC-004-T01_PT_WES	2	224919	1635350	22259	-0.475221
WUPDTC-004-T01_PT_WES	2	1648070	31193347	702209	0.309797
WUPDTC-004-T01_PT_WES	2	31202019	60962786	557205	0.00454286
WUPDTC-004-T01_PT_WES	2	61008720	91443715	707591	0.252005
WUPDTC-004-T01_PT_WES	2	94871500	96024069	53333	-0.0802454
WUPDTC-004-T01_PT_WES	2	96116114	128186850	821187	0.00229166
WUPDTC-004-T01_PT_WES	2	129980005	140601718	223244	0.167264
WUPDTC-004-T01_PT_WES	2	140715936	178432094	723919	0.0664439
WUPDTC-004-T01_PT_WES	2	178477226	241468173	1901590	0.316064
WUPDTC-004-T01_PT_WES	2	241493933	241870032	37343	-0.239344
WUPDTC-004-T01_PT_WES	3	1220790	43600634	959618	0.0519123
WUPDTC-004-T01_PT_WES	3	43690974	62530553	1066491	-0.349194
WUPDTC-004-T01_PT_WES	3	62570947	73569428	138604	0.286059
WUPDTC-004-T01_PT_WES	3	74299794	89472543	64223	-0.360782
WUPDTC-004-T01_PT_WES	3	93874275	111969731	260496	-0.204308
WUPDTC-004-T01_PT_WES	3	112000939	132716688	722090	0.419092
WUPDTC-004-T01_PT_WES	3	132716979	194342424	1188187	0.891708
WUPDTC-004-T01_PT_WES	3	194604210	195788578	51182	1.23833
WUPDTC-004-T01_PT_WES	3	195788697	198036087	114751	1.31368
WUPDTC-004-T01_PT_WES	4	272382	4281949	276839	0.530012
WUPDTC-004-T01_PT_WES	4	4283538	48992121	666867	-0.0128072
WUPDTC-004-T01_PT_WES	4	52060947	81171813	510831	-0.156568
WUPDTC-004-T01_PT_WES	4	82429801	189957506	1503771	-0.557666
WUPDTC-004-T01_PT_WES	5	163090	44310390	665705	-0.0108641
WUPDTC-004-T01_PT_WES	5	51387821	137908828	1369755	-0.162192
WUPDTC-004-T01_PT_WES	5	137946019	173609391	1047555	0.295395
WUPDTC-004-T01_PT_WES	5	173953343	181368247	335394	0.0556376
WUPDTC-004-T01_PT_WES	6	312023	26199855	443179	0.14689
WUPDTC-004-T01_PT_WES	6	26204950	30744028	221877	0.194272
WUPDTC-004-T01_PT_WES	6	31165179	32045345	21515	-0.905073
WUPDTC-004-T01_PT_WES	6	32045913	33170423	116781	0.256346
WUPDTC-004-T01_PT_WES	6	33170721	50830393	814570	0.199916
WUPDTC-004-T01_PT_WES	6	51619428	57148132	180848	0.0277343
WUPDTC-004-T01_PT_WES	6	61574335	143903036	1254798	-0.14907
WUPDTC-004-T01_PT_WES	6	144403223	152373049	208560	-0.472911
WUPDTC-004-T01_PT_WES	6	152376571	170323295	367158	-0.00273956
WUPDTC-004-T01_PT_WES	7	195501	5529696	218911	0.243268
WUPDTC-004-T01_PT_WES	7	5712960	6003864	20367	0.230262
WUPDTC-004-T01_PT_WES	7	6015356	57469686	900678	-0.0205391
WUPDTC-004-T01_PT_WES	7	63632678	102104245	1030888	0.0456016
WUPDTC-004-T01_PT_WES	7	102111780	103515530	117173	0.398674
WUPDTC-004-T01_PT_WES	7	103540425	159144893	1305850	-0.0160819
WUPDTC-004-T01_PT_WES	8	407259	10725996	144921	-0.377319
WUPDTC-004-T01_PT_WES	8	10765302	22713505	276035	0.0205406
WUPDTC-004-T01_PT_WES	8	22713600	27811209	162608	-0.398331
WUPDTC-004-T01_PT_WES	8	27871889	43192450	357207	0.0077787
WUPDTC-004-T01_PT_WES	8	47407967	58416879	144329	-0.0776395
WUPDTC-004-T01_PT_WES	8	58498483	104451462	654062	-0.491207
WUPDTC-004-T01_PT_WES	8	104588976	129776302	281978	-0.162313
WUPDTC-004-T01_PT_WES	8	129852210	144889982	504508	-0.260777
WUPDTC-004-T01_PT_WES	9	14685	33935738	472457	-0.515753
WUPDTC-004-T01_PT_WES	9	33948654	36258550	206136	0.349772
WUPDTC-004-T01_PT_WES	9	36357701	42184996	85237	-0.392452
WUPDTC-004-T01_PT_WES	9	60916475	68392523	55128	-0.266298
WUPDTC-004-T01_PT_WES	9	68917801	107322047	824911	0.150431
WUPDTC-004-T01_PT_WES	9	107323868	133069137	1053045	0.0393913
WUPDTC-004-T01_PT_WES	9	133071608	138120899	498754	0.372653
WUPDTC-004-T01_PT_WES	10	47663	38117166	705106	-0.340112
WUPDTC-004-T01_PT_WES	10	42593708	48731094	161705	-0.0707882
WUPDTC-004-T01_PT_WES	10	48810720	85602204	774273	0.26725
WUPDTC-004-T01_PT_WES	10	86364194	95868413	303366	-0.483428
WUPDTC-004-T01_PT_WES	10	95868810	133239619	1160284	0.0328579
WUPDTC-004-T01_PT_WES	10	133263609	133626863	42724	0.175232
WUPDTC-004-T01_PT_WES	11	193194	3129252	320635	-0.204158
WUPDTC-004-T01_PT_WES	11	3360139	32830621	803930	-0.478044
WUPDTC-004-T01_PT_WES	11	33559716	49952617	380357	0.0349942
WUPDTC-004-T01_PT_WES	11	54603244	61007755	251280	-0.110705
WUPDTC-004-T01_PT_WES	11	61015636	89639356	1430849	0.127325
WUPDTC-004-T01_PT_WES	11	89644970	115504382	526467	-0.522574
WUPDTC-004-T01_PT_WES	11	116757685	134374532	685559	0.0314732
WUPDTC-004-T01_PT_WES	12	66973	33382575	1025585	0.0125781
WUPDTC-004-T01_PT_WES	12	38316781	40525317	78910	-0.378134
WUPDTC-004-T01_PT_WES	12	40526367	133234117	3076140	0.0431048
WUPDTC-004-T01_PT_WES	13	19177404	113503531	1335009	-0.0688907
WUPDTC-004-T01_PT_WES	13	113510496	114299067	41181	-0.2168
WUPDTC-004-T01_PT_WES	14	18601430	105499035	2394445	-3.51E-08
WUPDTC-004-T01_PT_WES	15	20534480	24676502	54805	0.359561
WUPDTC-004-T01_PT_WES	15	24676624	62068286	1301282	-0.424121
WUPDTC-004-T01_PT_WES	15	62164746	101746700	1350700	0.339277
WUPDTC-004-T01_PT_WES	16	154248	1225135	163102	0.229298
WUPDTC-004-T01_PT_WES	16	1228744	1242045	2554	0.0369329
WUPDTC-004-T01_PT_WES	16	1256641	6483548	521858	0.18893
WUPDTC-004-T01_PT_WES	16	6483908	8919178	31138	-0.313658
WUPDTC-004-T01_PT_WES	16	8930425	31528613	1037626	0.106035
WUPDTC-004-T01_PT_WES	16	46831068	55703744	190245	-0.0376314
WUPDTC-004-T01_PT_WES	16	55812777	55828678	2514	-0.0511551
WUPDTC-004-T01_PT_WES	16	55828693	88438442	1175207	0.121733
WUPDTC-004-T01_PT_WES	16	88488893	90043111	178321	-0.218359
WUPDTC-004-T01_PT_WES	17	156324	21416700	1344013	-0.32138
WUPDTC-004-T01_PT_WES	17	27301794	83085163	3150953	0.0962701
WUPDTC-004-T01_PT_WES	18	197965	14852426	321093	-0.0538578
WUPDTC-004-T01_PT_WES	18	21539840	80136961	852037	-0.422185
WUPDTC-004-T01_PT_WES	19	282753	20923516	2140312	0.181728
WUPDTC-004-T01_PT_WES	19	20948675	24127413	72264	-0.441979
WUPDTC-004-T01_PT_WES	19	29606361	39886439	652905	0.0839254
WUPDTC-004-T01_PT_WES	19	39886558	39894014	2920	0.19513
WUPDTC-004-T01_PT_WES	19	39894238	51480419	1234851	0.153766
WUPDTC-004-T01_PT_WES	19	51480751	54631904	250723	-0.0858664
WUPDTC-004-T01_PT_WES	19	54631944	54847989	24920	-0.0247848
WUPDTC-004-T01_PT_WES	19	54852264	58563286	408045	0.00670236
WUPDTC-004-T01_PT_WES	20	157484	25489208	572096	0.0281109
WUPDTC-004-T01_PT_WES	20	30289640	36240687	331135	0.0673401
WUPDTC-004-T01_PT_WES	20	36431640	50609416	558936	0.372728
WUPDTC-004-T01_PT_WES	20	50891355	62162695	205263	0.101011
WUPDTC-004-T01_PT_WES	20	62197985	64273189	245628	0.54599
WUPDTC-004-T01_PT_WES	21	10413594	10603690	7732	-0.266518
WUPDTC-004-T01_PT_WES	21	14108913	39270263	397689	-0.11148
WUPDTC-004-T01_PT_WES	21	39278695	46659551	396114	-0.245445
WUPDTC-004-T01_PT_WES	22	15529064	50782140	1695293	-0.0497535
WUPDTC-004-T01_P5_WES	1	450718	7837168	414778	0.0432847
WUPDTC-004-T01_P5_WES	1	8330186	12600476	251298	-0.957641
WUPDTC-004-T01_P5_WES	1	12825431	13371308	26516	-1.01592
WUPDTC-004-T01_P5_WES	1	13583922	34794360	1005240	-0.97198
WUPDTC-004-T01_P5_WES	1	36137342	89195545	1364226	0.00680119
WUPDTC-004-T01_P5_WES	1	89935304	114625476	574753	-0.997907
WUPDTC-004-T01_P5_WES	1	114857319	120833504	141946	0.0193897
WUPDTC-004-T01_P5_WES	1	143882007	154056974	480995	0.259166
WUPDTC-004-T01_P5_WES	1	154169432	179341127	1084348	0.596322
WUPDTC-004-T01_P5_WES	1	179341961	248816707	1853495	-0.0012994
WUPDTC-004-T01_P5_WES	2	224919	9986288	128837	0.343145
WUPDTC-004-T01_P5_WES	2	9990845	24683058	224042	0.62048
WUPDTC-004-T01_P5_WES	2	24752076	91443665	1514719	0.0112678
WUPDTC-004-T01_P5_WES	2	94871500	110567932	510375	-0.0196487
WUPDTC-004-T01_P5_WES	2	110995872	129980005	304586	-0.917987
WUPDTC-004-T01_P5_WES	2	129980590	132732028	93500	-0.982286
WUPDTC-004-T01_P5_WES	2	134713165	241817121	2598259	1.44E-08
WUPDTC-004-T01_P5_WES	3	1220790	60013964	1847227	-0.970358
WUPDTC-004-T01_P5_WES	3	62273196	89472543	206587	-0.0250612
WUPDTC-004-T01_P5_WES	3	93874275	198036087	2147310	0.00228861
WUPDTC-004-T01_P5_WES	4	272382	48992121	886560	0.0226008
WUPDTC-004-T01_P5_WES	4	52060947	87615767	621325	-0.0127411
WUPDTC-004-T01_P5_WES	4	87656421	106316532	266411	-0.0121728
WUPDTC-004-T01_P5_WES	4	107701319	129109628	354769	-1.00983
WUPDTC-004-T01_P5_WES	4	134199911	186157784	624381	-0.00619124
WUPDTC-004-T01_P5_WES	5	163090	44310390	626750	-0.000293917
WUPDTC-004-T01_P5_WES	5	51387821	55968325	77694	-0.0435714
WUPDTC-004-T01_P5_WES	5	56882788	91153214	548802	-1.02203
WUPDTC-004-T01_P5_WES	5	94464955	98863373	90321	0.0140356
WUPDTC-004-T01_P5_WES	5	102239387	181368247	1864656	0.582978
WUPDTC-004-T01_P5_WES	6	312023	497520	7073	-0.840474
WUPDTC-004-T01_P5_WES	6	532709	12296022	194543	-0.965338
WUPDTC-004-T01_P5_WES	6	13182453	57148132	1688307	-0.00510346
WUPDTC-004-T01_P5_WES	6	61574335	143903036	1187108	-0.0107527
WUPDTC-004-T01_P5_WES	6	144403223	152472277	208846	-0.982794
WUPDTC-004-T01_P5_WES	6	152526200	170323295	330373	0.0854796
WUPDTC-004-T01_P5_WES	7	195501	1555432	71097	0.108213
WUPDTC-004-T01_P5_WES	7	2002003	6826222	222731	0.617277
WUPDTC-004-T01_P5_WES	7	7183473	57469686	786630	-0.00085639
WUPDTC-004-T01_P5_WES	7	63632678	159144893	2329841	0.00602379
WUPDTC-004-T01_P5_WES	8	407259	18400806	267293	0.0204239
WUPDTC-004-T01_P5_WES	8	18632846	27397486	248519	-0.980836
WUPDTC-004-T01_P5_WES	8	27397563	43192450	370056	0.0219457
WUPDTC-004-T01_P5_WES	8	47407967	58416879	136734	-0.0141319
WUPDTC-004-T01_P5_WES	8	58498483	104588976	602834	-1.01089
WUPDTC-004-T01_P5_WES	8	106657913	127740378	256178	-0.0180966
WUPDTC-004-T01_P5_WES	8	129748528	144889982	501843	0.592086
WUPDTC-004-T01_P5_WES	9	14685	34107507	439322	-0.967991
WUPDTC-004-T01_P5_WES	9	34256349	42184996	270947	-0.00917477
WUPDTC-004-T01_P5_WES	9	60916475	138120899	2296801	-0.000384621
WUPDTC-004-T01_P5_WES	10	47663	6491663	122463	-0.978794
WUPDTC-004-T01_P5_WES	10	7164462	11463176	43323	-0.172697
WUPDTC-004-T01_P5_WES	10	11742481	13796604	61150	-0.947533
WUPDTC-004-T01_P5_WES	10	14966555	17709003	77933	-0.00190295
WUPDTC-004-T01_P5_WES	10	18402089	20002090	23092	-0.943962
WUPDTC-004-T01_P5_WES	10	20211814	38117166	291531	-0.0869146
WUPDTC-004-T01_P5_WES	10	42593708	113780552	1793709	0.0125956
WUPDTC-004-T01_P5_WES	10	113780652	133626863	542863	0.614498
WUPDTC-004-T01_P5_WES	11	193863	9314524	638935	0.572142
WUPDTC-004-T01_P5_WES	11	9433827	49952617	850297	0.00283154
WUPDTC-004-T01_P5_WES	11	54603244	68980016	1111994	0.00486794
WUPDTC-004-T01_P5_WES	11	69054180	70473145	40944	0.69584
WUPDTC-004-T01_P5_WES	11	71538137	76544771	230755	0.0244524
WUPDTC-004-T01_P5_WES	11	76796648	78209454	63576	-0.978509
WUPDTC-004-T01_P5_WES	11	82732375	94528089	203092	-0.0517206
WUPDTC-004-T01_P5_WES	11	94587071	134374532	1014644	-0.979131
WUPDTC-004-T01_P5_WES	12	66973	22287347	717850	-0.987467
WUPDTC-004-T01_P5_WES	12	24901957	31791757	159666	-0.0121404
WUPDTC-004-T01_P5_WES	12	31981130	32869000	30759	-0.982598
WUPDTC-004-T01_P5_WES	12	38321198	67657640	1249716	-0.889125
WUPDTC-004-T01_P5_WES	12	68652088	70745884	64819	-0.0178827
WUPDTC-004-T01_P5_WES	12	70920322	133234117	1544567	-0.975426
WUPDTC-004-T01_P5_WES	13	19177404	114299067	1301753	-0.00691654
WUPDTC-004-T01_P5_WES	14	18601430	105499035	2269025	0.00477831
WUPDTC-004-T01_P5_WES	15	20534480	72570409	1690841	0.00624781
WUPDTC-004-T01_P5_WES	15	72662769	101746700	893964	0.59935
WUPDTC-004-T01_P5_WES	16	227459	31528613	1669547	0.00970252
WUPDTC-004-T01_P5_WES	16	46831068	90043111	1468572	0.0151572
WUPDTC-004-T01_P5_WES	17	156324	21295551	1253828	-0.986462
WUPDTC-004-T01_P5_WES	17	21295565	21416700	5436	-1.08512
WUPDTC-004-T01_P5_WES	17	27301794	40994191	775155	-0.0256576
WUPDTC-004-T01_P5_WES	17	41084538	41275765	13206	-0.224124
WUPDTC-004-T01_P5_WES	17	41308235	83085163	2187128	0.0173235
WUPDTC-004-T01_P5_WES	18	197965	14513787	279930	-1.00028
WUPDTC-004-T01_P5_WES	18	14533106	14852426	10321	-1.05951
WUPDTC-004-T01_P5_WES	18	21573533	80136961	785844	-0.975135
WUPDTC-004-T01_P5_WES	19	282753	10021614	1012222	0.0279553
WUPDTC-004-T01_P5_WES	19	10259457	14381460	407092	-0.99786
WUPDTC-004-T01_P5_WES	19	14388545	24127413	655951	0.569321
WUPDTC-004-T01_P5_WES	19	29606361	58563286	2458649	-0.0170761
WUPDTC-004-T01_P5_WES	20	157484	663558	23800	-0.954627
WUPDTC-004-T01_P5_WES	20	845849	25489208	509366	-0.00425886
WUPDTC-004-T01_P5_WES	20	30289640	64273189	1275925	-0.000404593
WUPDTC-004-T01_P5_WES	21	10413594	10603690	7592	-0.106412
WUPDTC-004-T01_P5_WES	21	14108913	46659551	755982	0.0209514
WUPDTC-004-T01_P5_WES	22	15529064	50782140	1613173	0.0133467
WUPDTC-005-T01_PT_WES	1	69511	9057689	473512	-0.012023
WUPDTC-005-T01_PT_WES	1	9069561	120833504	3814933	-0.00716253
WUPDTC-005-T01_PT_WES	1	143729896	248559582	3642255	-0.0324408
WUPDTC-005-T01_PT_WES	1	248559587	248638291	3277	0.010761
WUPDTC-005-T01_PT_WES	1	248638332	248914573	12094	-0.0611217
WUPDTC-005-T01_PT_WES	2	287869	91443715	2026542	0.15238
WUPDTC-005-T01_PT_WES	2	94871500	141480299	1140484	-0.0231595
WUPDTC-005-T01_PT_WES	2	142130592	241872440	2748480	0.391436
WUPDTC-005-T01_PT_WES	3	342946	21751274	483250	-0.421467
WUPDTC-005-T01_PT_WES	3	23203388	75664643	1727601	-0.0107034
WUPDTC-005-T01_PT_WES	3	75664675	89472494	60694	-0.149876
WUPDTC-005-T01_PT_WES	3	93893056	194688054	2192727	0.0937731
WUPDTC-005-T01_PT_WES	3	195301490	195788423	32884	0.0613901
WUPDTC-005-T01_PT_WES	3	195788424	198169826	113398	0.152328
WUPDTC-005-T01_PT_WES	4	337869	36166860	704145	0.564983
WUPDTC-005-T01_PT_WES	4	36306149	48992121	263920	0.0638088
WUPDTC-005-T01_PT_WES	4	51844747	103140836	928609	-0.0228857
WUPDTC-005-T01_PT_WES	4	105234376	190026653	1172274	-0.342962
WUPDTC-005-T01_PT_WES	5	140417	44388715	691927	0.120898
WUPDTC-005-T01_PT_WES	5	50402346	181260211	2838623	0.0937542
WUPDTC-005-T01_PT_WES	6	312023	32332131	964238	0.0982007
WUPDTC-005-T01_PT_WES	6	32521819	32665102	4575	0.0903972
WUPDTC-005-T01_PT_WES	6	32741427	57210113	1058805	0.0674193
WUPDTC-005-T01_PT_WES	6	60531197	170584609	1909888	-0.0144063
WUPDTC-005-T01_PT_WES	7	246436	5729624	224974	0.224899
WUPDTC-005-T01_PT_WES	7	5730699	23274119	314754	0.0938342
WUPDTC-005-T01_PT_WES	7	23299746	23791371	21099	0.885154
WUPDTC-005-T01_PT_WES	7	24624201	56941454	608431	0.176917
WUPDTC-005-T01_PT_WES	7	56941460	57450260	3290	-0.198658
WUPDTC-005-T01_PT_WES	7	63632546	89336295	462866	-0.437947
WUPDTC-005-T01_PT_WES	7	90225132	92529637	91536	2.1954
WUPDTC-005-T01_PT_WES	7	93104453	94587657	48248	-0.133785
WUPDTC-005-T01_PT_WES	7	94623400	101624155	433002	0.575886
WUPDTC-005-T01_PT_WES	7	102028014	159096970	1423483	-0.422255
WUPDTC-005-T01_PT_WES	8	166709	42542401	923883	-0.473188
WUPDTC-005-T01_PT_WES	8	47261015	144845876	1660390	0.0864597
WUPDTC-005-T01_PT_WES	9	14701	21368098	346347	-0.506902
WUPDTC-005-T01_PT_WES	9	21802646	27560676	47119	-1.49225
WUPDTC-005-T01_PT_WES	9	32405641	42184965	374026	-0.427418
WUPDTC-005-T01_PT_WES	9	60915930	96936966	642936	-0.294463
WUPDTC-005-T01_PT_WES	9	96938687	115057189	539865	0.449094
WUPDTC-005-T01_PT_WES	9	115059611	126397604	272096	-0.23205
WUPDTC-005-T01_PT_WES	9	126693308	127897127	96572	0.54962
WUPDTC-005-T01_PT_WES	9	127905303	138219529	899598	-0.19345
WUPDTC-005-T01_PT_WES	10	47663	38117573	728566	-0.199463
WUPDTC-005-T01_PT_WES	10	42593708	133626863	2482942	-0.15369
WUPDTC-005-T01_PT_WES	11	193863	49981655	1593900	0.151987
WUPDTC-005-T01_PT_WES	11	54603136	61308900	286622	0.124404
WUPDTC-005-T01_PT_WES	11	61321565	134387872	2678340	0.16868
WUPDTC-005-T01_PT_WES	12	67053	11030291	600342	0.679191
WUPDTC-005-T01_PT_WES	12	11267567	11353474	3241	0.497349
WUPDTC-005-T01_PT_WES	12	11353539	31200646	420517	0.614483
WUPDTC-005-T01_PT_WES	12	31392169	34022859	56300	1.38606
WUPDTC-005-T01_PT_WES	12	38316771	65218541	1315913	-0.418493
WUPDTC-005-T01_PT_WES	12	65218627	133219299	1863012	-0.0504472
WUPDTC-005-T01_PT_WES	13	19426366	114324729	1407002	-0.104502
WUPDTC-005-T01_PT_WES	14	18601835	19936577	15945	-0.150069
WUPDTC-005-T01_PT_WES	14	19975505	105499035	2421931	0.0142655
WUPDTC-005-T01_PT_WES	15	20837364	43366848	767338	-0.407921
WUPDTC-005-T01_PT_WES	15	43397343	101805827	1973065	2.03E-08
WUPDTC-005-T01_PT_WES	16	47354	14853640	873489	0.236835
WUPDTC-005-T01_PT_WES	16	14878935	25251957	468059	-0.246368
WUPDTC-005-T01_PT_WES	16	25253119	31915298	443115	0.0435793
WUPDTC-005-T01_PT_WES	16	46618169	90075038	1584825	0.0185266
WUPDTC-005-T01_PT_WES	17	156366	21244091	1357674	-0.134906
WUPDTC-005-T01_PT_WES	17	21295547	21416729	5830	-0.126509
WUPDTC-005-T01_PT_WES	17	27301794	35480231	415482	-0.134076
WUPDTC-005-T01_PT_WES	17	35745245	38752808	191860	0.540119
WUPDTC-005-T01_PT_WES	17	38852819	44316750	579777	-0.137454
WUPDTC-005-T01_PT_WES	17	44352876	45996652	133239	0.347597
WUPDTC-005-T01_PT_WES	17	46039621	83084881	1812490	-0.116947
WUPDTC-005-T01_PT_WES	18	254423	3814148	89336	0.691913
WUPDTC-005-T01_PT_WES	18	5197396	14769261	229348	0.238698
WUPDTC-005-T01_PT_WES	18	21659193	80160338	866647	-0.473611
WUPDTC-005-T01_PT_WES	19	281383	14401677	1514805	-0.432037
WUPDTC-005-T01_PT_WES	19	14443422	18147702	380974	0.147322
WUPDTC-005-T01_PT_WES	19	18166396	24127272	289136	0.533866
WUPDTC-005-T01_PT_WES	19	29212777	43360396	997275	0.607635
WUPDTC-005-T01_PT_WES	19	43463474	45311650	189098	0.97978
WUPDTC-005-T01_PT_WES	19	45349716	46787394	157548	1.68256
WUPDTC-005-T01_PT_WES	19	47046732	54509038	806824	0.0121826
WUPDTC-005-T01_PT_WES	19	54573794	54847817	31713	-0.113417
WUPDTC-005-T01_PT_WES	19	54853865	58571543	411375	-0.00909139
WUPDTC-005-T01_PT_WES	20	96321	25696932	604422	0.316198
WUPDTC-005-T01_PT_WES	20	30289807	64273214	1376303	0.348791
WUPDTC-005-T01_PT_WES	21	10413663	10605468	8336	-0.039503
WUPDTC-005-T01_PT_WES	21	13618257	46563767	812791	0.155369
WUPDTC-005-T01_PT_WES	22	15695271	23960415	388246	0.0259889
WUPDTC-005-T01_PT_WES	22	23966868	23980940	5444	0.0931223
WUPDTC-005-T01_PT_WES	22	23982833	36476703	507878	0.145417
WUPDTC-005-T01_PT_WES	22	36493883	37921931	115105	-0.35431
WUPDTC-005-T01_PT_WES	22	37968332	39662181	126688	0.0504479
WUPDTC-005-T01_PT_WES	22	39664762	44093970	265571	0.28598
WUPDTC-005-T01_PT_WES	22	44118972	45548801	53345	0.0206852
WUPDTC-005-T01_PT_WES	22	45563457	50782306	238920	-0.348197
WUPDTC-005-T01_P2_WES	1	69511	1628030	133934	-1.39359
WUPDTC-005-T01_P2_WES	1	1634150	1709440	8704	-1.45006
WUPDTC-005-T01_P2_WES	1	1728671	9023035	288315	-1.48667
WUPDTC-005-T01_P2_WES	1	9057689	10665330	94964	0.841594
WUPDTC-005-T01_P2_WES	1	10948045	53838152	2152454	0.0588171
WUPDTC-005-T01_P2_WES	1	53878609	54216247	17067	-1.58026
WUPDTC-005-T01_P2_WES	1	54548218	120833504	1410236	-4.22E-08
WUPDTC-005-T01_P2_WES	1	143729896	248914573	3532353	0.0293288
WUPDTC-005-T01_P2_WES	2	287869	88088038	1953072	0.435313
WUPDTC-005-T01_P2_WES	2	94871500	95945270	45323	-0.589344
WUPDTC-005-T01_P2_WES	2	95951483	96971985	105760	-0.522121
WUPDTC-005-T01_P2_WES	2	97083680	97543979	26203	-0.599615
WUPDTC-005-T01_P2_WES	2	97646002	109801756	299465	-0.566511
WUPDTC-005-T01_P2_WES	2	109803575	110567932	29679	-0.543255
WUPDTC-005-T01_P2_WES	2	110569751	128014797	317233	-0.521677
WUPDTC-005-T01_P2_WES	2	129980005	131264330	76658	-0.515021
WUPDTC-005-T01_P2_WES	2	131363341	141480299	148690	-0.628572
WUPDTC-005-T01_P2_WES	2	142130592	241872440	2644019	0.432132
WUPDTC-005-T01_P2_WES	3	342946	75664293	2101762	-0.516657
WUPDTC-005-T01_P2_WES	3	75664356	75739243	4121	-0.620365
WUPDTC-005-T01_P2_WES	3	75741276	89472494	53028	-0.635823
WUPDTC-005-T01_P2_WES	3	93893056	194688054	2136578	0.41893
WUPDTC-005-T01_P2_WES	3	195301490	198169826	142716	0.453873
WUPDTC-005-T01_P2_WES	4	337869	26999373	666193	0.771353
WUPDTC-005-T01_P2_WES	4	36068183	49050947	267615	0.0131439
WUPDTC-005-T01_P2_WES	4	51844747	190026653	2047695	-0.00940399
WUPDTC-005-T01_P2_WES	5	140417	44388715	671404	0.365901
WUPDTC-005-T01_P2_WES	5	50402346	181260211	2767306	0.381875
WUPDTC-005-T01_P2_WES	6	312023	532693	8047	-0.249055
WUPDTC-005-T01_P2_WES	6	572480	31970605	808368	-0.551054
WUPDTC-005-T01_P2_WES	6	31980913	32043471	29435	-0.811728
WUPDTC-005-T01_P2_WES	6	32043592	32589672	66244	-0.478517
WUPDTC-005-T01_P2_WES	6	32589729	32664947	2799	0.426511
WUPDTC-005-T01_P2_WES	6	32664967	57190556	996648	-0.54593
WUPDTC-005-T01_P2_WES	6	60531197	170584609	1777643	-0.5789
WUPDTC-005-T01_P2_WES	7	246436	5605328	216707	0.519943
WUPDTC-005-T01_P2_WES	7	5641080	56941454	922246	0.416048
WUPDTC-005-T01_P2_WES	7	56941460	57450260	3264	0.161203
WUPDTC-005-T01_P2_WES	7	63632546	88794977	438194	-0.558967
WUPDTC-005-T01_P2_WES	7	89334686	92529637	96280	2.90261
WUPDTC-005-T01_P2_WES	7	93104453	93479451	19591	0.284572
WUPDTC-005-T01_P2_WES	7	93922116	94623400	27092	0.0476343
WUPDTC-005-T01_P2_WES	7	94910228	98233721	63574	1.44158
WUPDTC-005-T01_P2_WES	7	98627428	101624155	347031	0.92096
WUPDTC-005-T01_P2_WES	7	102028014	102479040	39931	-0.461429
WUPDTC-005-T01_P2_WES	7	102483656	102777190	34794	-0.370972
WUPDTC-005-T01_P2_WES	7	102822189	159096970	1290920	-0.566522
WUPDTC-005-T01_P2_WES	8	166709	42542401	887583	-0.551363
WUPDTC-005-T01_P2_WES	8	47261015	144845876	1617876	0.370807
WUPDTC-005-T01_P2_WES	9	14701	38620027	672374	-0.568828
WUPDTC-005-T01_P2_WES	9	39078291	42184965	23230	-0.170074
WUPDTC-005-T01_P2_WES	9	60915930	69072524	65320	0.0591208
WUPDTC-005-T01_P2_WES	9	69073008	138219529	2354847	0.45304
WUPDTC-005-T01_P2_WES	10	47663	4847069	63481	-0.491146
WUPDTC-005-T01_P2_WES	10	4968380	5102443	8399	-0.641967
WUPDTC-005-T01_P2_WES	10	5102465	38117573	610530	-0.597758
WUPDTC-005-T01_P2_WES	10	42593708	46337370	100111	-0.594709
WUPDTC-005-T01_P2_WES	10	46337486	46584397	11353	-0.598737
WUPDTC-005-T01_P2_WES	10	46589709	133560175	2233308	-0.542312
WUPDTC-005-T01_P2_WES	10	133625249	133626863	1476	-0.586443
WUPDTC-005-T01_P2_WES	11	193863	49981655	1533193	0.0386001
WUPDTC-005-T01_P2_WES	11	54603136	134387872	2851193	0.0212959
WUPDTC-005-T01_P2_WES	12	67053	34022859	976968	-0.5767
WUPDTC-005-T01_P2_WES	12	38316771	52288357	569643	-0.555113
WUPDTC-005-T01_P2_WES	12	52289125	52319304	7477	-0.476471
WUPDTC-005-T01_P2_WES	12	52321298	132201292	2357428	-0.543969
WUPDTC-005-T01_P2_WES	12	132472895	132583496	12024	-0.4639
WUPDTC-005-T01_P2_WES	12	132603567	133219299	66025	-0.530122
WUPDTC-005-T01_P2_WES	13	19426366	114324729	1385677	0.406075
WUPDTC-005-T01_P2_WES	14	18601835	19434334	7504	-0.954735
WUPDTC-005-T01_P2_WES	14	19748139	73520787	1342996	-0.566706
WUPDTC-005-T01_P2_WES	14	73523155	73946540	24284	-0.457435
WUPDTC-005-T01_P2_WES	14	73949995	105499035	914528	-0.541737
WUPDTC-005-T01_P2_WES	15	20837364	22466604	13099	-0.0766103
WUPDTC-005-T01_P2_WES	15	22768159	34364323	286133	-0.593943
WUPDTC-005-T01_P2_WES	15	34381833	34536024	9448	-0.235389
WUPDTC-005-T01_P2_WES	15	34753111	101389620	2269527	-0.534035
WUPDTC-005-T01_P2_WES	15	101430118	101805827	11201	-0.60663
WUPDTC-005-T01_P2_WES	16	47354	16198126	944245	0.503718
WUPDTC-005-T01_P2_WES	16	16212335	31915298	820283	0.443352
WUPDTC-005-T01_P2_WES	16	46618169	69954470	819311	0.464442
WUPDTC-005-T01_P2_WES	16	69958833	70184588	12787	0.415547
WUPDTC-005-T01_P2_WES	16	70185561	90075038	727579	0.476736
WUPDTC-005-T01_P2_WES	17	156366	21244091	1301579	-0.498582
WUPDTC-005-T01_P2_WES	17	21295547	21416729	5587	-0.529781
WUPDTC-005-T01_P2_WES	17	27301794	35480231	394968	-0.531705
WUPDTC-005-T01_P2_WES	17	35745245	38752808	187302	0.769612
WUPDTC-005-T01_P2_WES	17	38852819	41084311	196876	-0.528632
WUPDTC-005-T01_P2_WES	17	41084538	41275745	13201	-0.660691
WUPDTC-005-T01_P2_WES	17	41364928	44316750	337808	-0.514865
WUPDTC-005-T01_P2_WES	17	44352876	45847005	125438	0.403266
WUPDTC-005-T01_P2_WES	17	45996652	74878542	1024681	-0.534384
WUPDTC-005-T01_P2_WES	17	74893578	74943351	6864	-0.474098
WUPDTC-005-T01_P2_WES	17	74943568	76290025	191913	-0.496572
WUPDTC-005-T01_P2_WES	17	76292155	76330706	5506	-0.557206
WUPDTC-005-T01_P2_WES	17	76332495	83084881	498040	-0.486238
WUPDTC-005-T01_P2_WES	18	254423	3814148	87993	1.21267
WUPDTC-005-T01_P2_WES	18	5197396	14760647	223225	0.629441
WUPDTC-005-T01_P2_WES	18	21659193	77012752	771082	-0.5684
WUPDTC-005-T01_P2_WES	18	78658184	80160338	40762	-0.520331
WUPDTC-005-T01_P2_WES	19	281383	4508948	512889	-0.443306
WUPDTC-005-T01_P2_WES	19	4510548	4512060	1505	-0.345953
WUPDTC-005-T01_P2_WES	19	4512625	8883697	387874	-0.496728
WUPDTC-005-T01_P2_WES	19	8888697	8914928	11151	-0.529246
WUPDTC-005-T01_P2_WES	19	8917756	12431541	370966	-0.527589
WUPDTC-005-T01_P2_WES	19	12432014	12440915	766	-0.589916
WUPDTC-005-T01_P2_WES	19	12440975	14401677	185573	-0.495152
WUPDTC-005-T01_P2_WES	19	14443422	18147702	374156	0.487423
WUPDTC-005-T01_P2_WES	19	18166396	24127272	285937	1.02331
WUPDTC-005-T01_P2_WES	19	29213095	39098363	567666	0.448388
WUPDTC-005-T01_P2_WES	19	39100315	39379888	22596	0.99126
WUPDTC-005-T01_P2_WES	19	39383460	54202904	1475052	0.463042
WUPDTC-005-T01_P2_WES	19	54202959	54818467	71342	0.387092
WUPDTC-005-T01_P2_WES	19	54821641	58570899	411817	0.428742
WUPDTC-005-T01_P2_WES	20	96321	25696932	582901	0.428885
WUPDTC-005-T01_P2_WES	20	30289807	64273214	1335385	0.45976
WUPDTC-005-T01_P2_WES	21	10413663	10605468	8103	0.19599
WUPDTC-005-T01_P2_WES	21	13618257	46563767	793005	0.458378
WUPDTC-005-T01_P2_WES	22	15695271	16968225	8376	-0.74936
WUPDTC-005-T01_P2_WES	22	16988136	17896394	51471	-0.511072
WUPDTC-005-T01_P2_WES	22	18121782	21468537	215275	0.301391
WUPDTC-005-T01_P2_WES	22	21546440	23957915	91999	-0.487824
WUPDTC-005-T01_P2_WES	22	23958496	23982833	6709	-0.250333
WUPDTC-005-T01_P2_WES	22	24084550	37921931	579911	-0.511397
WUPDTC-005-T01_P2_WES	22	37968332	44187899	387318	0.327825
WUPDTC-005-T01_P2_WES	22	44285326	50782306	275604	-0.473375
WUPDTC-006-T01_PT_WES	1	69063	12755877	673155	-0.388156
WUPDTC-006-T01_PT_WES	1	12775015	118926565	3123170	-0.549687
WUPDTC-006-T01_PT_WES	1	119082373	120830338	40418	0.174208
WUPDTC-006-T01_PT_WES	1	143729479	248650825	3361731	0.0295349
WUPDTC-006-T01_PT_WES	2	224970	91443665	1840411	0.00845275
WUPDTC-006-T01_PT_WES	2	94871500	97167624	159065	0.0316802
WUPDTC-006-T01_PT_WES	2	97167729	241897212	3339179	-0.0106269
WUPDTC-006-T01_PT_WES	3	3092107	89472575	2028456	-0.523533
WUPDTC-006-T01_PT_WES	3	93874275	198167929	2117534	0.0277121
WUPDTC-006-T01_PT_WES	4	271152	48992121	875262	-0.0118857
WUPDTC-006-T01_PT_WES	4	51845019	190026761	1892574	-0.139471
WUPDTC-006-T01_PT_WES	5	163151	44809060	618272	-0.000574476
WUPDTC-006-T01_PT_WES	5	50402346	181155604	2559937	-4.29E-08
WUPDTC-006-T01_PT_WES	6	335251	57190556	1860727	-0.180696
WUPDTC-006-T01_PT_WES	6	63984461	88143916	313092	-0.299743
WUPDTC-006-T01_PT_WES	6	89117736	170583760	1311198	-0.6205
WUPDTC-006-T01_PT_WES	7	246568	57132199	1068981	0.0577463
WUPDTC-006-T01_PT_WES	7	63635499	159144893	2300667	0.0115584
WUPDTC-006-T01_PT_WES	8	407362	33558585	649222	-0.620321
WUPDTC-006-T01_PT_WES	8	36807316	43197919	205112	-0.0189297
WUPDTC-006-T01_PT_WES	8	47972876	96602433	552014	-0.0915758
WUPDTC-006-T01_PT_WES	8	97775766	112287046	231145	0.285891
WUPDTC-006-T01_PT_WES	8	112296014	145052614	709812	0.698581
WUPDTC-006-T01_PT_WES	9	14690	21440491	321997	-0.0623448
WUPDTC-006-T01_PT_WES	9	21816759	24545959	15571	-1.07205
WUPDTC-006-T01_PT_WES	9	25677935	36276860	304344	0.0563397
WUPDTC-006-T01_PT_WES	9	36882144	41133695	71790	0.0263074
WUPDTC-006-T01_PT_WES	9	60916475	69072524	62859	-0.035213
WUPDTC-006-T01_PT_WES	9	69073008	137816151	2210928	0.0928191
WUPDTC-006-T01_PT_WES	9	137877982	138233800	17974	0.123768
WUPDTC-006-T01_PT_WES	10	47663	7203032	128996	-0.519978
WUPDTC-006-T01_PT_WES	10	7204426	15015311	130417	0.0509695
WUPDTC-006-T01_PT_WES	10	15064442	37957309	375742	-0.439893
WUPDTC-006-T01_PT_WES	10	42785641	133626863	2312983	0.142477
WUPDTC-006-T01_PT_WES	11	294523	49953097	1428718	-0.208506
WUPDTC-006-T01_PT_WES	11	55368400	134347253	2695578	-0.246021
WUPDTC-006-T01_PT_WES	12	67521	7367230	376838	0.164469
WUPDTC-006-T01_PT_WES	12	7373269	32792787	569801	0.00381411
WUPDTC-006-T01_PT_WES	12	38316781	40511041	68419	-0.131454
WUPDTC-006-T01_PT_WES	12	40513708	132859275	2861579	0.0637103
WUPDTC-006-T01_PT_WES	13	19178485	114299067	1267949	-0.105497
WUPDTC-006-T01_PT_WES	14	18601553	19713375	8282	-0.175411
WUPDTC-006-T01_PT_WES	14	19747830	105493982	2239604	0.060558
WUPDTC-006-T01_PT_WES	15	20534501	101805924	2578618	0.223417
WUPDTC-006-T01_PT_WES	16	47610	31793612	1702093	0.170746
WUPDTC-006-T01_PT_WES	16	46663186	90075069	1489340	0.144411
WUPDTC-006-T01_PT_WES	17	156324	21244091	1256212	-0.472129
WUPDTC-006-T01_PT_WES	17	21295547	21531299	7278	-0.443961
WUPDTC-006-T01_PT_WES	17	28349109	83094678	2955477	0.117815
WUPDTC-006-T01_PT_WES	18	196829	14850376	284866	-0.648468
WUPDTC-006-T01_PT_WES	18	21573533	80136961	756551	-0.992766
WUPDTC-006-T01_PT_WES	19	281360	1077434	121199	0.452592
WUPDTC-006-T01_PT_WES	19	1077986	23362202	1938667	-0.457409
WUPDTC-006-T01_PT_WES	19	29527145	58571238	2413734	-0.469918
WUPDTC-006-T01_PT_WES	20	257889	25504944	535789	0.0711758
WUPDTC-006-T01_PT_WES	20	30287288	64273189	1276831	0.119519
WUPDTC-006-T01_PT_WES	21	10413831	10603690	7105	-1.07218
WUPDTC-006-T01_PT_WES	21	14108913	46659551	725057	-0.512657
WUPDTC-006-T01_PT_WES	22	15528913	50782306	1624011	0.190884
WUPDTC-006-T01_P2_WES	1	69063	12794265	693638	0.0349037
WUPDTC-006-T01_P2_WES	1	12795625	12939328	11163	-0.37508
WUPDTC-006-T01_P2_WES	1	12941346	13371998	14659	-0.280674
WUPDTC-006-T01_P2_WES	1	13390218	120830338	3302679	-0.016986
WUPDTC-006-T01_P2_WES	1	143729479	248650825	3417127	-0.00998311
WUPDTC-006-T01_P2_WES	2	224970	91443715	1933662	0.393912
WUPDTC-006-T01_P2_WES	2	94871500	95857557	32806	0.430018
WUPDTC-006-T01_P2_WES	2	95929262	97167846	119322	0.422968
WUPDTC-006-T01_P2_WES	2	97194750	241897212	3514922	0.394992
WUPDTC-006-T01_P2_WES	3	2867010	89472575	2062131	-0.583165
WUPDTC-006-T01_P2_WES	3	93874275	198167929	2238193	0.407729
WUPDTC-006-T01_P2_WES	4	271152	48992121	893908	-0.0296731
WUPDTC-006-T01_P2_WES	4	51845019	190026761	1972031	-0.0573762
WUPDTC-006-T01_P2_WES	5	163151	44809060	650659	0.317001
WUPDTC-006-T01_P2_WES	5	50402346	181155980	2679721	0.300733
WUPDTC-006-T01_P2_WES	6	335251	57190556	1908478	-0.024856
WUPDTC-006-T01_P2_WES	6	61901464	88143916	349675	-0.0169188
WUPDTC-006-T01_P2_WES	6	89117736	170583760	1352542	-0.587426
WUPDTC-006-T01_P2_WES	7	246568	57132199	1100150	0.168582
WUPDTC-006-T01_P2_WES	7	63635499	159144893	2375189	0.176088
WUPDTC-006-T01_P2_WES	8	407362	33558585	626277	-1.55839
WUPDTC-006-T01_P2_WES	8	36807316	43197919	210676	-0.000928762
WUPDTC-006-T01_P2_WES	8	47972876	96602433	573988	-0.0347159
WUPDTC-006-T01_P2_WES	8	97775766	109579879	237675	0.691968
WUPDTC-006-T01_P2_WES	8	112228859	145052614	726686	0.717421
WUPDTC-006-T01_P2_WES	9	14690	36276860	647323	-0.0342671
WUPDTC-006-T01_P2_WES	9	36882144	41133695	72369	-0.0442053
WUPDTC-006-T01_P2_WES	9	60916475	138233800	2310967	-0.015396
WUPDTC-006-T01_P2_WES	10	47663	4847538	60385	-0.570999
WUPDTC-006-T01_P2_WES	10	4968380	4999206	3337	-0.551359
WUPDTC-006-T01_P2_WES	10	5000472	7204426	65673	-0.573181
WUPDTC-006-T01_P2_WES	10	7563105	15064442	131985	0.405518
WUPDTC-006-T01_P2_WES	10	15078865	34119817	338160	-0.634679
WUPDTC-006-T01_P2_WES	10	34331292	37957309	44905	0.671477
WUPDTC-006-T01_P2_WES	10	42785641	125841756	2201548	0.403544
WUPDTC-006-T01_P2_WES	10	125907536	133423662	184162	0.432206
WUPDTC-006-T01_P2_WES	11	294523	49953097	1469937	2.45E-07
WUPDTC-006-T01_P2_WES	11	55368400	134370225	2768652	-0.0140545
WUPDTC-006-T01_P2_WES	12	67521	32792787	995181	0.379145
WUPDTC-006-T01_P2_WES	12	38316781	132859275	3058573	0.387666
WUPDTC-006-T01_P2_WES	13	19178485	23869506	101418	0.204113
WUPDTC-006-T01_P2_WES	13	23891564	24542231	22041	0.399122
WUPDTC-006-T01_P2_WES	13	24709519	114299067	1219844	0.402193
WUPDTC-006-T01_P2_WES	14	18601553	105488402	2282555	-0.0331073
WUPDTC-006-T01_P2_WES	15	20534501	101805924	2655535	0.396162
WUPDTC-006-T01_P2_WES	16	47610	31793612	1717530	0.219099
WUPDTC-006-T01_P2_WES	16	46663186	90075069	1511961	0.229598
WUPDTC-006-T01_P2_WES	17	156324	21244091	1257504	-0.594444
WUPDTC-006-T01_P2_WES	17	21295547	21531299	7257	-0.578194
WUPDTC-006-T01_P2_WES	17	27773309	40479644	754723	0.759322
WUPDTC-006-T01_P2_WES	17	40794020	69516914	1423727	-0.0160576
WUPDTC-006-T01_P2_WES	17	69526762	78571828	464861	0.713995
WUPDTC-006-T01_P2_WES	17	78572634	80945758	131211	0.00563637
WUPDTC-006-T01_P2_WES	17	80947317	83094678	235539	0.672945
WUPDTC-006-T01_P2_WES	18	2540199	7117783	94748	-1.57163
WUPDTC-006-T01_P2_WES	18	7774106	14850376	169366	-0.00944598
WUPDTC-006-T01_P2_WES	18	21573533	80136961	755730	-1.36706
WUPDTC-006-T01_P2_WES	19	281360	1077434	120446	0.443705
WUPDTC-006-T01_P2_WES	19	1077986	23362202	1927919	-0.596846
WUPDTC-006-T01_P2_WES	19	29527145	39877628	606648	-0.612122
WUPDTC-006-T01_P2_WES	19	39877634	39902117	7430	-0.598115
WUPDTC-006-T01_P2_WES	19	40213169	54508252	1348835	-0.620417
WUPDTC-006-T01_P2_WES	19	54509038	54633126	9499	-0.678715
WUPDTC-006-T01_P2_WES	19	54664811	58571238	405006	-0.628238
WUPDTC-006-T01_P2_WES	20	257889	25504944	542405	0.000742917
WUPDTC-006-T01_P2_WES	20	30287288	64273189	1280131	-0.00827887
WUPDTC-006-T01_P2_WES	21	10413831	10603690	7052	-1.44647
WUPDTC-006-T01_P2_WES	21	14108913	46659551	733440	-0.581164
WUPDTC-006-T01_P2_WES	22	15528913	50782306	1614995	-0.024562
WUPDTC-007-T01_PT_WES	1	69270	119953698	4279089	0.00372932
WUPDTC-007-T01_PT_WES	1	143730016	248855670	3653190	3.09E-09
WUPDTC-007-T01_PT_WES	2	675831	61162664	1283821	-0.284832
WUPDTC-007-T01_PT_WES	2	61185424	91443650	698235	0.00861762
WUPDTC-007-T01_PT_WES	2	95053288	241897212	3821846	0.00582539
WUPDTC-007-T01_PT_WES	3	326022	89472543	2284969	0.00935096
WUPDTC-007-T01_PT_WES	3	93874275	198157341	2330776	0.00627802
WUPDTC-007-T01_PT_WES	4	85635	49061855	962371	-0.00717922
WUPDTC-007-T01_PT_WES	4	51844747	190026653	2132810	0.00708119
WUPDTC-007-T01_PT_WES	5	163090	44310390	681386	-0.00697554
WUPDTC-007-T01_PT_WES	5	51383716	181368247	2810004	0.00888048
WUPDTC-007-T01_PT_WES	6	335251	32519517	956115	-0.299265
WUPDTC-007-T01_PT_WES	6	32521967	32530061	247	-0.371729
WUPDTC-007-T01_PT_WES	6	32530070	57190556	1045361	-0.293594
WUPDTC-007-T01_PT_WES	6	60425399	170584276	1879788	-0.234495
WUPDTC-007-T01_PT_WES	7	256591	57469817	1164002	-0.00234438
WUPDTC-007-T01_PT_WES	7	63632536	159144893	2497376	-0.00799639
WUPDTC-007-T01_PT_WES	8	246274	42974033	955733	0.0144395
WUPDTC-007-T01_PT_WES	8	47673944	80042554	434408	-0.0511423
WUPDTC-007-T01_PT_WES	8	80050428	99156452	273818	0.2894
WUPDTC-007-T01_PT_WES	8	99275351	100573905	45866	-0.164653
WUPDTC-007-T01_PT_WES	8	100596691	109644544	158773	0.251954
WUPDTC-007-T01_PT_WES	8	112228859	120522810	112976	0.87157
WUPDTC-007-T01_PT_WES	8	120571043	135644990	231993	1.19823
WUPDTC-007-T01_PT_WES	8	138137163	144890458	407825	-0.355799
WUPDTC-007-T01_PT_WES	9	14690	41183604	780864	-0.304762
WUPDTC-007-T01_PT_WES	9	60915930	138233849	2429854	-0.307295
WUPDTC-007-T01_PT_WES	10	47663	38118591	734952	0.00600073
WUPDTC-007-T01_PT_WES	10	42790551	133626863	2493135	0.00182524
WUPDTC-007-T01_PT_WES	11	193194	2768789	296369	0.146848
WUPDTC-007-T01_PT_WES	11	2776007	3379104	34231	-0.353055
WUPDTC-007-T01_PT_WES	11	3641791	49953097	1261965	0.229444
WUPDTC-007-T01_PT_WES	11	56361099	134374229	2926655	0.214559
WUPDTC-007-T01_PT_WES	12	67521	33385244	1038571	-0.0146135
WUPDTC-007-T01_PT_WES	12	38320440	42109665	105512	-0.0619927
WUPDTC-007-T01_PT_WES	12	42144728	85047542	1539023	-0.020257
WUPDTC-007-T01_PT_WES	12	85836065	108899544	501859	-0.294272
WUPDTC-007-T01_PT_WES	12	108937386	133156156	1025206	-0.0232414
WUPDTC-007-T01_PT_WES	13	19493000	102736020	1166811	0.23414
WUPDTC-007-T01_PT_WES	13	103046013	114299067	221254	-0.0119951
WUPDTC-007-T01_PT_WES	14	18601553	105499035	2405328	-0.275009
WUPDTC-007-T01_PT_WES	15	20534501	101922880	2761062	-0.0109196
WUPDTC-007-T01_PT_WES	16	61738	32254682	1795900	0.114128
WUPDTC-007-T01_PT_WES	16	46831171	90074947	1575411	0.134091
WUPDTC-007-T01_PT_WES	17	181469	21011322	1340929	-0.312033
WUPDTC-007-T01_PT_WES	17	21042574	21416700	13173	-0.271676
WUPDTC-007-T01_PT_WES	17	27301794	83094678	3141567	-0.302043
WUPDTC-007-T01_PT_WES	18	166819	14842847	322575	-0.336615
WUPDTC-007-T01_PT_WES	18	22200895	80137309	858622	-0.260299
WUPDTC-007-T01_PT_WES	19	281360	14062084	1502530	-0.335407
WUPDTC-007-T01_PT_WES	19	14083646	14662210	50103	-0.678916
WUPDTC-007-T01_PT_WES	19	14668738	21638983	585597	-0.300858
WUPDTC-007-T01_PT_WES	19	21971930	24127230	42189	-0.975743
WUPDTC-007-T01_PT_WES	19	29527145	53980085	2090508	0.55067
WUPDTC-007-T01_PT_WES	19	54058538	54818437	109856	0.466606
WUPDTC-007-T01_PT_WES	19	54818564	58571238	423392	0.540534
WUPDTC-007-T01_PT_WES	20	157484	25499057	574239	-0.293372
WUPDTC-007-T01_PT_WES	20	31605923	60012429	1091847	0.463389
WUPDTC-007-T01_PT_WES	20	60012786	64273189	274943	0.590575
WUPDTC-007-T01_PT_WES	21	10413831	10602166	7772	-0.034913
WUPDTC-007-T01_PT_WES	21	13615550	46658699	822320	0.181368
WUPDTC-007-T01_PT_WES	22	15695271	50714943	1684553	-0.307546
WUPDTC-007-T01_P2_WES	1	69270	119953698	4312735	0.01009
WUPDTC-007-T01_P2_WES	1	143730016	248855670	3685745	0.00948767
WUPDTC-007-T01_P2_WES	2	675831	61162664	1277888	-0.569864
WUPDTC-007-T01_P2_WES	2	61185424	74550407	449820	0.0352043
WUPDTC-007-T01_P2_WES	2	74657484	84528925	45801	-0.527202
WUPDTC-007-T01_P2_WES	2	84529217	91443650	198581	0.00619614
WUPDTC-007-T01_P2_WES	2	95110016	241897212	3857851	0.00957611
WUPDTC-007-T01_P2_WES	3	326022	89472543	2305905	0.0300276
WUPDTC-007-T01_P2_WES	3	93874275	198157341	2356588	0.0211362
WUPDTC-007-T01_P2_WES	4	85635	49061855	969818	-0.0218465
WUPDTC-007-T01_P2_WES	4	51844747	87615747	696866	0.000681633
WUPDTC-007-T01_P2_WES	4	87616268	190026653	1461127	0.0024781
WUPDTC-007-T01_P2_WES	5	163090	44310390	687264	-0.00998641
WUPDTC-007-T01_P2_WES	5	51383716	181368247	2836259	0.0108331
WUPDTC-007-T01_P2_WES	6	335251	32522091	953103	-0.579961
WUPDTC-007-T01_P2_WES	6	32522131	32666452	4494	-0.595132
WUPDTC-007-T01_P2_WES	6	32746366	57190556	1035296	-0.573791
WUPDTC-007-T01_P2_WES	6	60425399	170584276	1868270	-0.562204
WUPDTC-007-T01_P2_WES	7	256591	57469817	1173698	-0.00578478
WUPDTC-007-T01_P2_WES	7	63632536	159144893	2518583	-0.0111597
WUPDTC-007-T01_P2_WES	8	246274	42974033	964339	0.0248234
WUPDTC-007-T01_P2_WES	8	47673944	68787521	316046	0.0294988
WUPDTC-007-T01_P2_WES	8	69586266	75560325	92520	-0.576278
WUPDTC-007-T01_P2_WES	8	75564161	99556365	315503	0.464211
WUPDTC-007-T01_P2_WES	8	99832530	100269010	26040	-0.560838
WUPDTC-007-T01_P2_WES	8	100573905	109644544	163642	0.423384
WUPDTC-007-T01_P2_WES	8	112228859	120517950	116961	1.34276
WUPDTC-007-T01_P2_WES	8	120518914	135647183	242321	1.74161
WUPDTC-007-T01_P2_WES	8	138137163	144890458	406208	-0.614201
WUPDTC-007-T01_P2_WES	9	14690	38573144	736312	-0.564727
WUPDTC-007-T01_P2_WES	9	39078291	41183604	21814	-0.591191
WUPDTC-007-T01_P2_WES	9	60915930	69078376	70470	-0.711137
WUPDTC-007-T01_P2_WES	9	69078565	138233849	2347917	-0.583147
WUPDTC-007-T01_P2_WES	10	47663	38118591	741569	-4.21E-08
WUPDTC-007-T01_P2_WES	10	42790551	133626863	2514907	0.00726874
WUPDTC-007-T01_P2_WES	11	193194	2662127	297134	0.126407
WUPDTC-007-T01_P2_WES	11	2768789	3379104	33894	-1.06868
WUPDTC-007-T01_P2_WES	11	3641791	49953097	1269173	0.176041
WUPDTC-007-T01_P2_WES	11	56361099	134374229	2942320	0.170658
WUPDTC-007-T01_P2_WES	12	67521	33385244	1047986	-0.0419872
WUPDTC-007-T01_P2_WES	12	38320440	83132183	1647654	-0.0420772
WUPDTC-007-T01_P2_WES	12	84863666	108887534	517838	-0.572518
WUPDTC-007-T01_P2_WES	12	108899544	133156156	1034595	-0.0503186
WUPDTC-007-T01_P2_WES	13	19493000	53034497	803731	-0.00388953
WUPDTC-007-T01_P2_WES	13	60013122	102736020	351773	0.441684
WUPDTC-007-T01_P2_WES	13	103046013	114299067	223277	0.0184924
WUPDTC-007-T01_P2_WES	14	18601553	24857085	464351	0.00539287
WUPDTC-007-T01_P2_WES	14	29578374	39234120	198198	0.640632
WUPDTC-007-T01_P2_WES	14	51009274	65076384	370711	-0.535921
WUPDTC-007-T01_P2_WES	14	65084098	90263221	604761	0.0728437
WUPDTC-007-T01_P2_WES	14	90263587	96533338	265612	0.637618
WUPDTC-007-T01_P2_WES	14	96534142	105499035	373377	-0.0138077
WUPDTC-007-T01_P2_WES	15	20534501	101922880	2785402	-0.0046049
WUPDTC-007-T01_P2_WES	16	61738	32254682	1796376	-0.0192997
WUPDTC-007-T01_P2_WES	16	46831171	90074947	1578017	-0.00113056
WUPDTC-007-T01_P2_WES	17	181469	21042583	1338787	-0.578108
WUPDTC-007-T01_P2_WES	17	21295547	21416700	5689	-0.700691
WUPDTC-007-T01_P2_WES	17	27301794	45996679	1330121	-0.580157
WUPDTC-007-T01_P2_WES	17	46171471	46704913	12595	-0.555628
WUPDTC-007-T01_P2_WES	17	46713956	83094678	1777788	-0.582025
WUPDTC-007-T01_P2_WES	18	166819	14842847	320483	-0.649345
WUPDTC-007-T01_P2_WES	18	22200895	80137309	856045	-0.514195
WUPDTC-007-T01_P2_WES	19	281360	14062084	1496895	-0.607574
WUPDTC-007-T01_P2_WES	19	14083646	14647356	47720	-1.57154
WUPDTC-007-T01_P2_WES	19	14658527	20118677	549023	-0.538053
WUPDTC-007-T01_P2_WES	19	20184337	24127230	57662	-1.40403
WUPDTC-007-T01_P2_WES	19	29527145	39877546	679069	0.940577
WUPDTC-007-T01_P2_WES	19	39877755	39902117	7643	0.903644
WUPDTC-007-T01_P2_WES	19	40213330	53980085	1417240	0.953319
WUPDTC-007-T01_P2_WES	19	54058538	54221140	40919	0.69005
WUPDTC-007-T01_P2_WES	19	54221170	54255247	8134	0.991532
WUPDTC-007-T01_P2_WES	19	54255708	54312907	8771	0.597723
WUPDTC-007-T01_P2_WES	19	54337318	54509038	22393	0.952123
WUPDTC-007-T01_P2_WES	19	54574280	54631893	7744	0.7411
WUPDTC-007-T01_P2_WES	19	54632001	58571238	450850	0.948329
WUPDTC-007-T01_P2_WES	20	157484	25499057	571699	-0.572271
WUPDTC-007-T01_P2_WES	20	31605923	60012786	1078215	-0.0059391
WUPDTC-007-T01_P2_WES	20	61252657	64273189	273400	0.392674
WUPDTC-007-T01_P2_WES	21	10413831	10602166	7566	-0.615849
WUPDTC-007-T01_P2_WES	21	13615550	44330463	618515	-0.568947
WUPDTC-007-T01_P2_WES	21	44551525	44654519	11325	-0.648145
WUPDTC-007-T01_P2_WES	21	44698047	46658699	144479	-0.591235
WUPDTC-007-T01_P2_WES	22	15695271	50714943	1677324	-0.583507
