discordance	tfx
0.010572366022602989	0.7494
0.5154939846882974	0.4
0.3113379511483777	0.5138
0.08738574040219378	0.6768
0.08822457163689391	0.7448
0.0021897810218978104	0.5817
0.08822457163689391	0.347
0.07526488856412131	0.6866
0.3635036496350365	0.9307
0.0354014598540146	0.8084
0.08196721311475409	0.6188
0.04452554744525548	0.6277
0.08272594752186589	0.2813
0.19321910317170982	0.1605
0.10819672131147541	0.2908
0.1083941605839416	0.9356
0.03502371397300255	0.885
0.09041195771053591	0.9709
0.3498542274052478	0.2079
0.38599051441079896	0.3212
0.16496350364963502	0.4492
0.03281079110462997	0.702
0.12395187750637987	0.5468
0.023696682464454975	0.66
0.0036429872495446266	0.9471
0.46005107624954394	0.7726
0.5468465184104995	0.1847
0.1256391526661797	0.4015
0.26613197229310975	0.3891
0.16077287641268684	0.6079
0.7325793506019701	0.4779
0.25054704595185995	0.1311
0.2062043795620438	0.3709
0.35727305869485965	0.5459
0.13051403572730588	0.5647
0.02664233576642336	0.4569
0.05768528660094925	0.4652
0.2777980313525337	0.7603
0.2604735883424408	0.3749
0.0007291286912139992	0.7494
0.5249726576740795	0.4
0.3095151294203427	0.5138
0.31115173674588664	0.6768
0.08931826467371491	0.7448
0.05218978102189781	0.5817
0.32737878235508566	0.347
0.10226442658875091	0.6866
0.4772147283995625	0.9307
0.032458059810357404	0.8084
0.14790528233151184	0.6188
0.4959883296863603	0.6277
0.2956204379562044	0.2813
0.20998906306963178	0.1605
0.10455373406193079	0.2908
0.138270704122583	0.9356
0.1456736035049288	0.885
0.09143897996357013	0.9709
0.4783084214363835	0.2079
0.38203067932797663	0.3212
0.3193583667517317	0.4492
0.10912408759124087	0.702
0.45133065986146553	0.5468
0.02187386073641998	0.66
0.1162112932604736	0.9471
0.4812112367748997	0.7726
0.5275446917183509	0.1847
0.3340643274853801	0.4015
0.16077287641268684	0.3891
0.2893104706311565	0.6079
0.6133625410733844	0.4779
0.22684172137126185	0.1311
0.268978102189781	0.3709
0.38753189938024063	0.5459
0.17827196500182282	0.5647
0.05107624954396206	0.4569
0.03176341730558598	0.4652
0.26139263580021876	0.7603
0.28342440801457197	0.3749
0.2736448598130841	0.3582
0.02841121495327103	0.4334
0.1211214953271028	0.4523
0.08037383177570094	0.5474
0.0014953271028037382	0.71
0.02355140186915888	0.5848
0.3540186915887851	0.5519
0.09345794392523364	0.3875
0.046763935652824544	0.6745
0.017570093457943924	0.6866
0.005981308411214953	0.6363
0.002616822429906542	0.7564
0.005981308411214953	0.6811
0.12154076290201944	0.422
0.09532710280373832	0.2351
0.04037383177570093	0.6375
0.04037383177570093	0.5179
0.0616822429906542	0.552
0.004485981308411215	0.7149
0.001869158878504673	0.8909
0.05794392523364486	0.4739
0.0029906542056074765	0.7665
0.06953271028037383	0.3084
0.03551401869158879	0.4119
0.030654205607476635	0.5923
0.027289719626168225	0.5147
0.2164485981308411	0.2948
0.026542056074766354	0.555
0.2964485981308411	0.6819
0.20598130841121495	0.8535
0.005233644859813084	0.7792
0.1805607476635514	0.265
0.21457943925233644	0.9555
0.09757009345794393	0.8453
0.05308411214953271	0.6166
0.05046728971962617	0.5473
0.2863551401869159	0.4757
0.1932710280373832	0.645
0.16	0.4081
0.0605607476635514	0.5667
0.12672897196261682	0.5857
0.03700934579439252	0.1691
0.0725233644859813	0.4467
0.0014953271028037382	0.7781
0.0011214953271028037	0.6943
0.02244668911335578	0.5829
0.2119626168224299	0.7634
0.08785046728971962	0.2689
0.08074766355140187	0.803
0.11850467289719627	0.8981
0.05312383090160868	0.8513
0.019065420560747663	0.6378
0.2291588785046729	0.5567
0.14616822429906542	0.7117
0.06878504672897197	0.5544
0.015700934579439253	0.2741
0.30654205607476637	0.4162
0.0725233644859813	0.2361
0.0007476635514018691	0.8052
0.12710280373831775	0.4372
0.10504672897196261	0.5111
0.22280373831775702	0.4243
0.1674766355140187	0.6938
0.21719626168224299	0.4683
0.24485981308411214	0.216
0.06504672897196262	0.2754
0.0014958863126402393	0.5714
0.2717757009345794	0.3582
0.16485981308411216	0.4334
0.14130841121495327	0.4523
0.08373831775700935	0.5474
0.14317757009345794	0.71
0.7095327102803738	0.5848
0.13794392523364485	0.5519
0.16722783389450055	0.3875
0.013831775700934579	0.6745
0.12149532710280374	0.6866
0.03327102803738318	0.6363
0.013831775700934579	0.7564
0.07214953271028038	0.6811
0.06691588785046729	0.422
0.13869158878504673	0.2351
0.029532710280373832	0.6375
0.041495327102803736	0.5179
0.08485981308411215	0.552
0.00411214953271028	0.7149
0.002616822429906542	0.8909
0.4295327102803738	0.4739
0.0033644859813084112	0.7665
0.13345794392523364	0.3084
0.20934579439252338	0.4119
0.03102803738317757	0.5923
0.014953271028037384	0.5147
0.36074766355140186	0.2948
0.026542056074766354	0.555
0.1469158878504673	0.6819
0.19700934579439253	0.8535
0.1016822429906542	0.7792
0.03925233644859813	0.265
0.23514018691588784	0.9555
0.14697083021690352	0.8453
0.02355140186915888	0.6166
0.052710280373831776	0.7742
0.2194392523364486	0.5473
0.30803738317757007	0.4757
0.24	0.645
0.16	0.4081
0.06841121495327103	0.5667
0.1932710280373832	0.5857
0.03850467289719626	0.1691
0.07177570093457944	0.4467
0.07588785046728971	0.7781
0.03588785046728972	0.6943
0.08791619902731014	0.5829
0.1835514018691589	0.7634
0.07626168224299065	0.2689
0.10990654205607477	0.8981
0.13991769547325103	0.8513
0.14130841121495327	0.6378
0.16074766355140188	0.5567
0.1469158878504673	0.7117
0.13009345794392524	0.5544
0.20261682242990653	0.2741
0.3166355140186916	0.4162
0.025046728971962615	0.2361
0.0011214953271028037	0.8052
0.2216822429906542	0.4372
0.11962616822429907	0.5111
0.22803738317757008	0.4243
0.014205607476635514	0.6938
0.1783177570093458	0.4683
0.2788785046728972	0.216
0.26953271028037384	0.2754
0.041121495327102804	0.5714
0.2792231586661781	0.6396
0.012727272727272728	0.9495
0.040763863385971356	0.5872
0.26583668985719516	1.0
0.026267785479751914	0.9778
0.08157319737800436	0.9511
0.12363238512035012	0.6602
0.029911373707533235	0.9811
0.2599118942731278	0.2955
0.3968544257498171	0.4977
0.33076074972436603	0.6396
0.011644832605531296	0.9495
0.3026607538802661	0.6463
0.021205357142857144	0.874
0.07217651458489155	0.5882
0.2725225225225225	0.46
0.10195788695973403	0.4225
0.0407717510010921	0.455
0.10197368421052631	1.0
0.041530054644808745	0.6106
0.08278867102396514	0.2897
0.018301610541727673	1.0
0.17625637290604515	0.6584
0.08743169398907104	0.6504
0.016357688113413305	1.0
0.3519328956965718	0.2921
0.25819373634377274	1.0
0.07829570284049527	1.0
0.030852994555353903	0.9469
0.012454212454212455	0.6339
0.10134398837631675	0.8958
0.12692026335040235	0.8958
0.15079941860465115	0.5108
0.015722120658135285	0.7486
0.12235208181154127	0.4126
0.058330295297119944	0.5899
0.01579140653690782	0.7132
0.0865911582024114	0.7275
0.13374635568513119	1.0
0.06318883174136664	0.912
0.14051094890510948	0.4699
0.07116788321167883	1.0
0.030540037243947857	0.2652
0.1956117515805132	0.5029
0.22652757078986588	0.4503
0.01713859910581222	0.5685
0.3510204081632653	0.1877
0.269704893537542	0.4487
0.00075046904315197	0.1228
0.21017202692595363	0.2574
0.3756115920210764	0.4597
0.13887843432442604	0.3741
0.27235469448584204	0.3945
0.2826496048174633	0.4139
0.0945292147376256	0.1885
0.19738805970149254	0.2625
0.24505781424841477	0.2499
0.0686456400742115	0.3082
0.1553072625698324	0.2494
0.19985113509490138	0.3534
0.12285287528005974	0.3872
0.2103499627699181	0.2711
0.30204841713221603	0.452
0.06980216498693542	0.2814
0.2496279761904762	0.441
0.12504638218923933	0.1572
0.06972408650260999	0.2578
0.06268882175226587	0.4801
0.37634808478988474	0.2998
0.16779026217228465	0.7261
0.055308092056421676	0.4578
0.0014787430683918669	0.7553
0.33514774494556765	0.5096
0.23967249720878303	0.2809
0.33666666666666667	0.2123
0.01770244821092279	0.6465
0.14480975249353528	0.3518
0.20837968112717833	0.391
0.03221029248426509	0.6791
0.28078635014836795	0.3454
0.0758082497212932	0.5038
0.19360832404310666	0.7465
0.04059590316573557	0.7
0.13814814814814816	0.276
0.07495361781076067	0.5958
0.042798660215854115	0.8642
0.04111111111111111	0.5442
0.13509490137700036	0.5938
0.3316004455997029	0.2483
0.30579765062523684	0.3994
0.08054936896807721	0.2123
0.024645257654966394	0.845
0.02846441947565543	0.845
0.0497196261682243	0.845
0.07592110160029773	0.8155
0.0691449814126394	0.8155
0.0	0.2441
0.5398065476190477	0.3098
0.14082928651475532	0.845
0.06962025316455696	0.8155
0.09121370067014148	0.8155
0.0003716090672612412	0.2441
0.0011169024571854058	0.2441
0.05280773521755299	0.2441
0.007068452380952381	0.2441
0.2241635687732342	0.2441
0.5508001488649051	0.3098
0.5341800522973478	0.3098
0.5575418994413408	0.3098
0.563338301043219	0.3098
0.14774841831038332	0.3098
0.09019754006708908	0.3884
0.2451708766716196	0.3116
0.005584512285927029	0.8609
0.005590756615728662	0.8609
0.055097451274362816	0.4731
0.11148396718866517	0.3884
0.054104477611940295	0.3884
0.10510622437569885	0.3884
0.09060402684563758	0.3884
0.26560178306092125	0.3116
0.23219584569732937	0.3116
0.35366307177389367	0.3116
0.2709725315515961	0.3116
0.006343283582089552	0.8609
0.0059590316573556795	0.8609
0.007827059262020127	0.8609
0.0067039106145251395	0.8609
0.5056095736724009	0.4731
0.07286995515695067	0.4731
0.07289719626168224	0.4731
0.08645209580838323	0.4731
0.07678041543026706	0.5583
0.1080777860882573	0.6424
0.6394913986537023	0.6424
0.02724897349757372	0.6424
0.22271714922049	0.4366
0.10170749814402376	0.4366
0.02008181480104128	0.5583
0.029728725380899292	0.5583
0.030843552582683016	0.5583
0.0687732342007435	0.5583
0.4517937219730942	0.6424
0.3011194029850746	0.6424
0.5362481315396114	0.6424
0.49421857515852297	0.6424
0.32465600595016736	0.4366
0.08769973987365291	0.4366
0.1218877740616871	0.4366
0.1317743132887899	0.4366
0.06164129223913851	0.6187
0.003335804299481097	0.6187
0.09451445515196442	0.6187
0.10248793167471222	0.6187
0.12407132243684993	0.6187
0.1028210838901262	0.6187
0.12238023952095808	0.5866
0.2864583333333333	0.5866
0.1294776119402985	0.4545
0.10355140186915889	0.4545
0.01824953445065177	0.5026
0.01080879612374208	0.5026
0.3711839166046165	0.5866
0.23998502433545488	0.5866
0.33979135618479883	0.5866
0.2622155911973144	0.5866
0.3404255319148936	0.4545
0.17183414269704894	0.4545
0.11641791044776119	0.4545
0.20149532710280374	0.4545
0.11624441132637854	0.5026
0.38324022346368714	0.5026
0.05522388059701493	0.5026
0.25872308834446917	0.397
0.30846325167037864	0.397
0.04086181277860327	0.6298
0.04336545589325426	0.6298
0.3057206537890045	0.397
0.0651685393258427	0.397
0.2561247216035635	0.397
0.09578829668281774	0.6298
0.1344225770516153	0.6298
0.0673613695571269	0.6298
0.06577480490523968	0.6298
0.01170018281535649	0.6976
0.006632277081798084	0.7999
0.01170018281535649	0.6976
0.005545286506469501	0.7999
0.015134736064968624	0.7999
0.00037023324694557573	0.9744
0.012625324916450055	0.2001
0.014173815740395375	0.1769
0.23293938238658024	0.389
0.3969924812030075	0.3205
0.09496996996996997	0.6325
0.13343328335832083	0.4583
0.3697289156626506	0.2405
0.01270078446021666	0.5582
0.11758118701007839	0.3558
0.027330587794833397	0.8088
0.4179439252336449	0.4263
0.1815081470253884	0.6279
0.348785046728972	0.1553
0.18362004487658937	0.5722
0.33320811419984975	0.5187
0.5538519072550486	0.203
0.34181002243829467	0.6346
0.08229988726042842	0.3605
