0.8424
0.884
0.8829
0.8328
0.9983
0.8279
0.9455
1.0
0.8912
0.9767
1.0
1.0
0.9394
0.9591
0.8539
1.0
1.0
0.8647
1.0
0.8205
0.9514
1.0
1.0
1.0
0.924
0.785
1.0
0.8157
0.9771
0.9851
0.9944
0.9906
0.9008
0.9986
1.0
0.9984
1.0
0.9865
0.9937
0.9924
0.9986
1.0
1.0
1.0
0.9976
0.9927
1.0
0.9908
0.6908
0.9844
1.0
1.0
0.9956
1.0
1.0
0.9904
1.0
1.0
0.9656
0.9983
0.9955
1.0
1.0
0.9973
1.0
1.0
0.8263
1.0
0.996
0.9907
1.0
0.8802
0.9795
1.0
0.9591
1.0
1.0
1.0
0.9519
1.0
1.0
1.0
0.9978
1.0
0.965
1.0
0.9865
1.0
0.9741
0.9841
1.0
1.0
1.0
1.0
1.0
1.0
0.9836
1.0
1.0
1.0
0.9853
0.9911
1.0
1.0
0.994
1.0
1.0
1.0
0.9839
1.0
1.0
1.0
1.0
1.0
1.0
0.9871
0.9679
0.986
1.0
0.9557
0.9935
1.0
0.9562
0.9564
1.0
0.6843
0.9914
0.6612
1.0
0.9915
0.9904
0.9833
0.923
1.0
1.0
1.0
0.9809
0.9992
0.9752
0.9894
0.982
1.0
0.9706
1.0
0.9749
1.0
1.0
0.9869
0.9898
1.0
1.0
0.9952
0.9848
0.9815
1.0
0.9931
1.0
0.9983
0.9936
1.0
1.0
0.9956
0.9605
1.0
0.9915
0.9902
0.9412
0.94
0.9415
0.9897
0.9866
0.9626
0.9897
0.9913
1.0
0.9849
0.983
0.9508
1.0
0.9885
0.9961
0.9779
0.9958
1.0
0.9663
1.0
1.0
0.986
0.9509
1.0
1.0
0.9062
1.0
0.9681
1.0
0.991
1.0
0.9572
0.9865
0.9431
1.0
0.9603
0.981
0.9761
1.0
0.9986
0.9824
0.9722
0.9915
0.9911
0.9713
1.0
0.994
1.0
1.0
0.9837
0.9704
1.0
0.9925
0.9817
1.0
0.9956
0.9409
1.0
0.9884
0.9679
0.9842
0.9721
1.0
1.0
0.9814
0.9542
1.0
0.9709
0.9618
0.8584
0.9905
1.0
0.9743
0.9338
0.9487
0.9806
0.9949
0.8758
1.0
1.0
0.9646
1.0
0.992
0.8853
0.9959
0.9722
0.9883
1.0
1.0
1.0
0.9986
1.0
1.0
0.9564
1.0
0.9858
0.9723
0.9853
0.8888
0.9661
0.9997
1.0
0.9806
0.9655
0.9679
0.9844
0.9577
1.0
1.0
1.0
1.0
1.0
0.6852
1.0
1.0
0.9059
0.9877
1.0
0.9375
0.9818
0.7047
0.699
1.0
1.0
0.9929
1.0
0.9627
0.9528
1.0
1.0
0.955
1.0
0.9816
1.0
0.9929
1.0
0.9241
0.9783
1.0
0.9961
1.0
0.8081
1.0
0.8392
0.0
1.0
1.0
1.0
0.8647
0.8191
1.0
1.0
0.7408
1.0
1.0
0.8297
0.9582
0.9879
0.9769
0.985
0.9071
1.0
1.0
0.9408
1.0
0.8629
0.7286
0.9216
0.8526
0.8838
0.889
1.0
0.9097
0.9351
0.9067
0.9293
0.903
0.9318
0.9467
1.0
1.0
1.0
0.9387
0.9619
0.8166
1.0
0.818
0.9118
0.9524
1.0
0.9005
1.0
1.0
0.9227
1.0
1.0
1.0
0.9833
1.0
1.0
1.0
1.0
0.99
1.0
0.906
1.0
0.8404
1.0
0.9132
1.0
1.0
0.9196
0.8928
0.9823
0.969
0.8394
0.8537
1.0
1.0
1.0
1.0
0.9026
0.9237
0.9024
0.9286
0.7288
1.0
0.842
1.0
0.9543
1.0
0.8909
0.8907
1.0
1.0
1.0
0.8945
1.0
1.0
1.0
1.0
0.8993
0.9197
1.0
1.0
1.0
1.0
1.0
1.0
0.9673
0.9354
0.873
1.0
0.8922
0.9234
0.9999
1.0
0.9466
0.9158
1.0
0.8541
0.9393
1.0
0.9014
0.9981
1.0
0.8728
1.0
0.9077
1.0
1.0
0.8066
0.9047
0.9934
1.0
1.0
1.0
0.8273
1.0
0.831
0.8727
0.8253
1.0
0.87
1.0
1.0
0.7584
1.0
1.0
0.7698
1.0
0.9267
0.9444
1.0
1.0
1.0
0.8418
0.8903
1.0
0.8379
0.884
0.9398
1.0
0.9937
0.959
0.9111
0.8516
0.9543
0.8586
0.8304
1.0
1.0
1.0
1.0
0.8794
1.0
0.9978
0.8994
1.0
1.0
0.8481
1.0
1.0
1.0
0.8816
1.0
1.0
0.954
1.0
0.8913
1.0
1.0
1.0
0.954
1.0
0.899
0.9267
1.0
1.0
1.0
1.0
1.0
0.9477
1.0
1.0
0.8028
0.9833
1.0
0.9464
1.0
0.9392
0.922
0.9158
1.0
0.833
1.0
0.8492
1.0
1.0
1.0
1.0
1.0
0.9049
1.0
0.9954
0.8445
0.9316
0.8445
0.92
1.0
1.0
0.8956
0.9975
1.0
1.0
0.9725
0.9953
0.9884
1.0
0.8447
1.0
0.7474
0.9536
0.8706
1.0
1.0
0.7812
1.0
0.8672
0.9734
0.7117
0.8553
1.0
0.8964
1.0
1.0
1.0
0.7574
1.0
0.9647
1.0
0.9328
0.835
1.0
1.0
1.0
0.9488
0.9201
1.0
0.9417
0.9497
1.0
1.0
1.0
0.9305
1.0
0.9626
0.9684
1.0
0.991
0.9147
1.0
0.9567
1.0
0.8323
0.6996
0.9873
1.0
1.0
0.9886
0.986
1.0
1.0
1.0
0.9838
0.9882
0.9836
0.9669
0.9944
0.9425
0.8798
0.9449
0.9883
0.9433
1.0
0.8873
0.9547
0.9888
1.0
1.0
0.9599
1.0
1.0
1.0
1.0
1.0
1.0
1.0
1.0
1.0
1.0
1.0
1.0
1.0
1.0
1.0
1.0
1.0
1.0
0.9895
1.0
1.0
1.0
1.0
1.0
1.0
1.0
0.9666
1.0
0.9981
1.0
0.8945
1.0
1.0
1.0
1.0
1.0
1.0
0.9897
1.0
1.0
1.0
1.0
1.0
0.9701
1.0
0.9832
1.0
1.0
1.0
0.9386
1.0
1.0
1.0
1.0
1.0
0.9649
0.7701
1.0
1.0
1.0
1.0
1.0
1.0
1.0
0.965
1.0
1.0
0.9816
0.9932
0.9899
0.9413
0.9965
0.9884
1.0
1.0
0.9988
1.0
1.0
1.0
0.9834
0.9971
0.8777
1.0
0.9645
1.0
1.0
1.0
1.0
0.9934
1.0
1.0
0.8808
1.0
1.0
0.9318
0.8756
0.9162
1.0
1.0
1.0
0.9851
1.0
1.0
0.9321
1.0
1.0
1.0
0.989
0.7113
1.0
1.0
0.711
0.9908
1.0
0.9545
1.0
0.9761
0.9881
1.0
0.7265
0.9901
1.0
0.9899
1.0
1.0
1.0
0.9296
1.0
0.9611
1.0
0.6609
1.0
0.9978
1.0
0.9979
1.0
0.8703
1.0
0.9987
1.0
1.0
1.0
1.0
0.9989
1.0
1.0
0.9705
0.9598
1.0
0.9935
1.0
1.0
0.9995
0.9881
0.9978
0.9955
1.0
0.996
0.9767
1.0
1.0
0.9906
0.8946
1.0
1.0
1.0
1.0
1.0
1.0
0.9965
0.9968
1.0
0.9742
1.0
1.0
1.0
0.8183
1.0
1.0
1.0
0.9606
1.0
0.9948
1.0
0.7056
1.0
1.0
0.9962
1.0
1.0
1.0
0.982
1.0
0.9975
1.0
0.9856
1.0
0.9935
1.0
0.9834
1.0
1.0
1.0
1.0
0.9956
1.0
0.9998
1.0
1.0
0.9857
1.0
0.9724
1.0
0.9676
1.0
1.0
1.0
0.9959
1.0
0.9527
0.9429
0.985
1.0
1.0
0.9906
1.0
1.0
1.0
0.994
1.0
0.9638
0.9585
1.0
1.0
0.987
0.9712
0.9865
1.0
1.0
1.0
0.9546
0.9591
1.0
1.0
0.983
0.9197
1.0
1.0
1.0
0.9685
0.9581
0.9835
1.0
1.0
0.9943
1.0
1.0
1.0
1.0
1.0
1.0
1.0
1.0
1.0
1.0
1.0
1.0
1.0
1.0
1.0
1.0
0.9923
1.0
1.0
1.0
1.0
1.0
0.9618
1.0
1.0
0.9789
0.9896
1.0
1.0
1.0
0.9899
1.0
1.0
0.9983
1.0
1.0
0.9917
0.9968
1.0
1.0
0.8974
0.9752
1.0
0.9994
0.7284
0.747
0.9753
0.7189
0.7219
0.6818
0.9974
0.7167
1.0
0.9869
0.7441
0.9976
1.0
0.7529
0.7268
1.0
0.7194
1.0
1.0
0.9661
0.8211
1.0
0.9576
1.0
1.0
1.0
1.0
1.0
0.9333
1.0
1.0
1.0
1.0
1.0
0.8996
0.7957
0.9931
1.0
1.0
1.0
1.0
0.9975
1.0
1.0
1.0
0.9593
0.9738
1.0
0.9305
1.0
1.0
0.9854
0.8484
1.0
1.0
0.7884
1.0
1.0
1.0
0.8285
1.0
1.0
0.9862
0.8346
1.0
0.967
0.9818
1.0
1.0
1.0
1.0
1.0
0.9932
0.9527
0.9895
0.7887
0.9988
1.0
0.864
1.0
0.7647
1.0
1.0
0.8626
1.0
0.7405
1.0
1.0
0.7562
1.0
0.8632
1.0
0.656
1.0
1.0
1.0
0.7499
0.6337
0.9699
1.0
0.74
1.0
1.0
0.9531
1.0
1.0
1.0
1.0
1.0
1.0
0.7461
1.0
1.0
0.6877
0.9621
1.0
1.0
1.0
0.9783
1.0
0.9953
0.9947
1.0
0.7598
1.0
0.9963
1.0
1.0
1.0
0.9959
1.0
0.9959
1.0
1.0
1.0
0.9092
0.9645
1.0
1.0
0.9586
1.0
0.9595
0.9814
1.0
1.0
0.9512
1.0
1.0
1.0
0.9618
1.0
1.0
0.9671
0.9236
0.9382
0.9551
1.0
0.8744
1.0
0.9049
1.0
1.0
1.0
1.0
0.9856
0.9408
1.0
0.9725
0.9983
0.9644
0.9865
0.6433
1.0
1.0
0.9951
1.0
0.965
1.0
0.9948
0.9827
0.9962
0.8174
1.0
1.0
0.9836
0.9816
0.9894
0.7952
1.0
1.0
1.0
0.9908
1.0
0.8486
