1.976
3.23
1.994
1.998
1.929
3.002
2.433
3.04
1.984
2.88
1.983
3.031
2.949
2.973
3.098
3.016
2.672
1.904
3.232
3.012
1.975
2.48
3.25
2.521
2.904
3.494
3.203
3.203
2.954
2.075
3.013
2.803
2.574
1.986
3.066
1.97
2.854
2.962
2.054
1.918
2.835
3.007
3.026
2.958
1.96
1.993
2.903
2.617
2.62
2.95
1.998
3.098
2.822
1.96
2.906
2.063
2.651
2.995
3.048
2.005
2.993
1.998
2.031
1.941
1.999
2.484
2.019
2.965
1.948
2.489
2.908
2.349
2.956
1.968
2.105
2.025
2.276
2.995
1.833
2.86
2.83
3.016
1.954
3.016
1.813
2.962
2.035
3.023
2.593
3.007
2.041
1.994
3.029
3.002
2.117
2.033
1.939
2.004
2.019
2.06
2.962
2.077
2.969
3.046
3.014
1.979
2.012
2.081
1.931
2.001
1.972
1.625
2.56
2.0
1.997
1.928
2.145
2.96
2.052
2.959
2.008
3.027
3.07
3.097
3.003
2.8
3.029
2.934
2.005
3.0
2.995
3.026
2.828
2.952
3.411
3.023
2.983
3.017
3.029
2.973
3.18
2.002
2.003
2.927
2.99
3.011
3.009
2.007
1.995
2.962
3.051
1.976
1.953
2.972
1.995
2.0
3.017
3.022
2.988
2.031
2.002
2.019
2.843
3.0
2.974
2.013
3.028
2.968
2.061
2.003
3.029
2.989
2.993
3.017
2.999
3.02
3.0
3.004
1.996
3.05
1.999
2.798
2.001
2.996
3.034
2.002
3.008
2.998
2.01
3.021
2.674
2.037
2.002
3.006
1.969
2.005
1.999
2.952
3.004
2.93
2.995
3.023
3.034
2.994
2.813
2.976
2.991
2.998
2.955
3.395
3.052
2.006
2.007
1.999
1.994
3.043
1.921
3.117
3.027
3.016
1.973
2.819
2.986
1.998
3.011
2.993
2.026
1.879
3.012
2.809
3.011
2.956
1.999
1.964
2.005
3.078
2.006
3.031
2.866
2.946
3.004
1.995
2.004
1.912
3.001
1.888
2.998
2.002
2.84
2.677
2.0
2.723
2.982
2.0
1.686
3.328
1.966
2.919
1.998
2.991
2.995
2.003
2.026
2.902
1.803
2.003
2.005
2.03
1.886
3.056
1.929
2.977
2.991
2.0
2.021
2.001
2.064
3.036
2.87
2.005
2.001
3.03
3.012
2.015
3.036
3.014
2.866
2.84
2.009
2.993
2.778
2.002
3.037
3.232
2.68
2.019
3.336
2.001
2.928
3.068
2.934
2.002
1.744
2.934
2.001
2.0
2.011
2.092
1.991
2.378
2.001
2.013
1.996
1.989
2.001
1.969
1.99
1.965
2.089
2.127
2.025
2.002
3.061
2.871
2.85
2.015
2.851
3.823
2.133
2.471
2.988
2.882
2.611
2.974
1.945
2.066
2.97
2.904
2.03
2.012
2.979
1.974
2.02
2.031
1.988
2.972
3.179
3.48
1.971
1.953
2.077
1.981
2.932
2.938
1.942
2.996
2.083
2.426
3.784
2.505
3.596
3.004
2.002
3.019
2.007
2.028
2.999
2.997
2.164
3.018
1.955
2.009
3.669
3.026
1.925
2.004
3.033
2.014
2.012
1.999
2.237
1.902
2.239
2.79
3.018
2.004
3.017
1.879
2.044
2.994
2.963
2.487
2.003
2.024
1.997
2.059
3.08
2.026
2.825
2.024
2.002
2.154
2.882
2.008
2.001
1.975
3.132
2.027
2.966
2.001
1.99
2.0
2.0
2.001
2.002
2.48
2.569
1.903
2.142
1.925
1.962
2.695
2.393
2.476
1.981
1.986
1.98
2.847
1.824
1.963
2.194
1.816
2.113
3.038
2.629
2.946
3.136
2.267
1.907
3.086
2.692
3.155
2.001
1.979
3.219
1.905
2.6
2.929
1.981
2.91
2.023
3.136
2.814
1.755
1.903
2.815
1.999
2.906
1.98
2.918
2.007
2.394
1.901
2.989
3.18
1.946
2.976
1.992
3.002
3.012
2.988
3.008
2.977
1.877
2.975
1.953
1.978
1.94
2.137
1.579
1.952
1.775
2.932
2.947
2.004
2.006
1.948
2.001
1.948
2.998
1.909
3.031
2.003
2.06
1.967
2.945
1.997
2.024
3.44
2.116
3.003
2.818
1.984
1.998
2.112
3.09
3.067
2.98
2.999
1.953
3.016
2.235
2.994
3.69
2.99
3.064
2.952
1.983
2.998
3.148
2.129
2.005
1.943
2.995
2.099
2.024
3.33
2.995
1.979
1.999
1.991
1.996
1.958
1.996
2.074
2.863
2.894
2.946
2.815
2.168
2.966
2.977
2.865
1.809
2.805
3.062
2.912
2.561
2.767
2.892
2.002
2.002
2.666
2.005
2.016
3.049
2.976
1.922
1.991
1.95
2.992
2.995
2.022
2.79
1.997
2.01
2.164
2.089
2.026
3.015
2.124
2.172
1.995
2.036
3.002
2.007
2.974
1.991
3.007
1.998
3.073
3.003
3.035
1.999
1.972
1.983
2.975
3.007
3.101
2.997
3.169
2.555
2.967
2.994
2.689
1.966
3.065
1.993
3.061
3.001
1.98
2.986
3.067
3.446
2.99
1.954
2.928
2.101
1.947
2.148
2.909
2.633
1.99
1.875
2.012
2.0
3.047
2.0
3.009
2.0
2.004
2.964
2.019
3.012
2.002
3.016
3.041
3.104
2.928
3.025
2.975
2.013
2.01
2.956
2.004
2.954
3.08
2.001
1.997
3.111
2.973
2.948
2.002
3.144
2.998
2.978
2.992
2.003
2.989
2.956
2.946
1.995
2.959
2.992
1.999
2.776
2.01
2.0
2.952
2.996
2.024
1.955
3.076
3.079
2.014
1.905
2.002
3.021
2.001
2.012
2.014
2.016
1.638
2.11
3.044
2.004
2.867
1.934
2.003
1.957
3.007
1.603
2.951
2.007
2.016
2.112
2.034
2.044
1.68
2.008
2.007
2.963
1.987
2.019
3.024
3.012
1.941
1.958
2.531
2.958
2.038
1.945
2.967
2.946
1.911
2.045
2.009
1.963
2.567
1.987
1.956
2.086
2.571
2.061
2.0
3.298
2.009
2.122
3.005
1.977
2.015
1.97
3.023
1.893
1.962
2.733
3.037
1.987
2.953
1.961
2.0
2.009
1.998
1.994
1.965
3.071
2.995
1.987
2.005
1.959
2.01
3.035
3.092
2.102
2.994
3.158
3.035
2.988
1.966
1.985
1.981
1.99
1.97
2.009
3.067
1.982
3.068
3.02
1.991
1.962
1.995
1.93
3.085
1.988
2.918
1.991
2.983
2.006
2.994
2.001
3.008
2.998
2.002
2.001
2.0
1.991
2.887
1.967
2.031
2.149
3.018
1.999
1.948
3.049
1.999
3.117
1.986
3.032
3.033
2.99
2.709
2.0
1.996
3.035
2.927
3.068
1.971
2.997
3.003
2.124
3.009
2.973
1.976
2.006
1.988
3.009
3.005
3.041
1.771
3.002
1.961
3.11
3.081
3.01
3.048
1.984
2.002
1.987
2.001
3.024
1.983
3.089
1.996
2.928
2.006
3.0
2.309
3.039
2.941
1.996
2.921
2.067
1.979
2.01
2.898
2.0
2.929
2.977
2.925
2.007
2.964
2.326
3.095
2.979
3.027
2.922
2.212
2.938
1.991
2.003
1.999
2.001
2.993
2.929
2.911
2.908
2.184
2.107
2.997
3.028
3.049
1.996
2.968
2.949
3.053
3.033
1.977
3.001
2.139
1.957
3.062
2.933
2.004
1.994
2.004
2.145
2.174
3.001
2.007
2.265
2.38
2.104
2.007
2.083
1.996
2.243
2.002
2.115
3.002
2.042
2.346
2.01
2.035
2.061
2.979
2.01
1.919
1.851
2.949
3.048
1.994
3.007
3.022
3.002
3.02
3.02
1.982
1.99
3.026
3.007
1.936
3.118
3.124
2.856
1.982
1.967
2.905
2.939
3.03
2.979
2.913
2.97
3.034
2.961
2.013
2.979
2.883
2.018
2.014
2.991
2.894
2.026
2.973
2.015
2.074
3.024
2.007
2.853
2.014
1.999
2.943
1.994
2.912
2.643
1.979
2.948
1.996
2.0
3.004
2.961
2.0
1.973
1.967
1.983
2.875
2.972
2.968
2.96
2.997
3.068
2.932
3.444
2.913
2.003
3.41
2.962
1.998
1.964
3.765
2.145
3.008
1.973
2.988
2.902
2.864
1.951
1.996
2.977
2.003
1.964
3.009
1.981
3.128
1.994
2.918
3.199
2.005
2.987
2.907
3.112
1.974
1.982
2.002
2.923
1.918
2.916
2.505
2.638
2.011
2.644
2.976
2.757
2.976
2.005
2.966
3.01
3.183
2.89
2.975
2.683
2.924
2.919
2.923
2.941
2.048
2.882
2.499
2.859
3.031
2.055
3.255
2.012
2.907
2.016
1.979
2.017
2.788
2.778
1.983
2.981
2.095
1.976
2.844
2.07
2.211
1.987
3.038
3.106
3.214
2.765
3.281
3.051
2.945
1.933
2.996
3.009
2.987
3.085
2.879
1.977
2.963
2.099
2.13
2.991
2.534
1.97
2.934
3.149
1.994
2.0
2.012
1.964
2.712
2.945
3.099
2.021
2.059
2.007
2.026
2.098
2.986
2.82
2.997
2.174
3.022
2.928
1.998
2.29
2.929
2.088
2.13
2.754
1.999
2.086
2.051
2.064
2.0
2.954
2.014
2.087
2.103
2.01
1.973
2.712
1.949
3.054
1.963
2.783
3.012
2.107
1.747
2.177
2.66
1.968
2.001
1.994
2.05
1.997
2.033
2.134
