2.314
2.894
1.997
2.964
2.842
2.002
1.997
2.896
2.974
1.993
1.968
2.905
2.037
1.943
2.153
2.327
2.927
1.98
1.966
2.988
2.905
2.836
1.821
2.52
2.117
2.778
2.981
2.994
3.231
2.761
3.033
3.03
2.02
2.775
2.95
2.793
2.003
2.806
2.126
1.988
3.023
1.961
1.999
1.996
2.9
2.69
2.891
2.835
3.009
1.982
1.982
2.004
3.333
2.958
2.974
2.171
1.983
2.965
3.015
3.042
1.97
2.187
1.996
3.169
3.003
3.016
2.003
1.93
2.008
2.978
2.014
2.038
2.001
2.007
2.785
3.096
2.856
2.984
2.04
2.944
2.796
2.0
2.039
2.912
2.013
2.797
2.984
3.341
1.988
3.02
2.021
1.999
1.994
2.995
2.925
2.901
2.002
3.24
2.584
3.067
1.999
2.978
3.033
2.992
2.712
1.927
3.064
2.008
3.064
3.074
1.957
2.869
2.888
3.05
3.046
2.825
2.009
2.937
2.741
2.005
3.004
2.005
2.858
3.065
2.987
1.954
2.533
2.29
2.002
1.994
1.965
2.986
2.946
1.98
1.985
2.779
2.829
2.723
2.011
2.01
1.945
1.95
2.131
2.01
1.996
2.107
1.969
1.979
2.145
2.01
2.66
1.947
2.157
2.91
2.988
2.002
2.986
2.864
1.986
2.794
1.954
2.313
4.18
2.147
2.061
2.919
1.993
2.98
1.999
2.002
1.995
2.92
2.859
2.324
2.006
2.002
2.003
3.006
3.007
3.043
2.321
2.903
1.897
1.996
2.105
2.03
2.072
2.392
2.922
2.983
1.953
1.958
3.001
2.035
1.902
2.873
2.046
1.858
2.907
2.566
2.103
2.807
2.229
1.998
3.164
2.869
1.902
2.944
2.972
3.15
3.021
2.667
2.696
2.595
2.042
3.053
2.086
1.972
2.028
2.167
1.838
2.874
1.94
3.01
3.101
2.775
2.099
2.908
2.0
3.118
1.906
2.926
3.012
1.925
2.964
1.955
2.015
3.07
1.992
2.836
2.798
2.045
2.981
1.93
3.11
2.039
2.881
3.217
2.813
3.348
2.0
2.958
2.343
2.976
3.024
3.057
2.885
2.925
1.917
1.982
2.079
1.912
1.975
2.278
2.833
1.983
2.873
3.312
1.994
3.102
2.018
2.89
1.995
1.996
2.08
1.915
2.01
2.96
1.659
1.905
2.94
2.089
3.136
3.075
2.945
2.928
2.884
2.809
2.976
2.894
2.892
2.886
2.075
2.048
1.989
1.863
2.054
2.073
2.266
2.997
2.599
1.935
1.925
3.067
1.876
2.035
2.805
1.995
2.289
2.098
1.998
2.929
1.935
2.351
2.016
1.968
1.994
2.104
1.922
