0.4569
0.5138
0.5647
0.04161
0.885
0.9709
0.6079
0.4492
0.3749
0.9356
0.4015
0.6188
0.7603
0.7448
0.9471
0.2908
0.3709
0.8084
0.5468
0.6866
0.124
0.9307
0.4
0.1311
0.6768
0.1605
0.4652
0.3212
0.2813
0.347
0.5459
0.2079
0.702
0.6277
0.1231
0.1847
0.5817
0.4779
0.2454
0.3891
0.7726
0.66
0.7494
0.5519
0.1586
0.2351
0.02223
0.01325
0.6938
0.552
0.4334
0.4583
0.1045
0.1667
0.4523
0.2361
0.2956
0.5567
0.9555
0.7742
0.5473
0.1691
0.2717
0.265
0.803
0.1382
0.2034
0.02374
0.5923
0.3582
0.7781
0.2948
0.0
0.4081
0.02994
0.2741
0.4739
0.6378
0.7117
0.645
0.4243
0.2055
0.5714
0.7665
0.2835
0.5474
0.6819
0.1935
0.555
0.5829
0.7792
0.6375
0.6315
0.1567
0.5544
0.4126
0.6943
0.3084
0.3875
0.7634
0.7564
0.8453
0.5147
0.8535
0.4162
0.6363
0.5857
0.6745
0.2096
0.5667
0.8052
0.4757
0.5848
0.09144
0.6866
0.01522
0.2205
0.5179
0.4683
0.4467
0.8513
0.8981
0.2689
0.5111
0.4119
0.71
0.216
0.6811
0.8909
0.2482
0.3717
0.7149
0.4372
0.2122
0.422
0.6166
0.01934
0.2754
0.2916
0.2955
1.0
0.9511
0.09406
0.5872
0.6396
0.6602
0.6978
0.9778
0.9811
0.9495
0.4977
0.874
0.6714
0.4225
0.5882
0.6509
0.6463
0.128
0.7013
0.46
0.455
1.0
0.6106
0.6504
1.0
0.04632
0.2897
0.6584
0.5108
1.0
0.9469
0.6339
0.02985
0.2921
0.8958
1.0
1.0
0.7486
0.4126
0.5899
0.02879
0.7132
0.7275
0.912
0.4699
1.0
1.0
0.4597
0.2499
0.1885
0.7261
0.452
0.2998
0.5685
0.5029
0.05999
0.2814
0.3741
0.2578
0.1228
0.3872
0.1877
0.3082
0.3495
0.2625
0.1631
0.1477
0.2494
0.3627
0.2574
0.4139
0.3945
0.3534
0.1521
0.4503
0.2711
0.4801
0.441
0.2122
0.4487
0.2652
0.1572
0.2035
0.1677
0.2809
0.07312
0.2188
0.03339
0.7553
0.6465
0.1249
0.5096
0.122
0.6791
0.2123
0.391
0.4578
0.3518
0.2384
0.134
0.1533
0.1069
0.1219
0.03421
0.5958
0.1357
0.7465
0.5938
0.02744
0.7
0.1651
0.5442
0.1277
0.1998
0.276
0.2483
0.8642
0.1114
0.5038
0.3454
0.1993
0.2313
0.1932
0.2247
0.1585
0.3994
0.2123
0.3098
0.2441
0.8155
0.5668
0.845
0.9936
0.8609
0.4731
0.2308
0.3884
0.3116
0.5583
0.6424
0.4366
0.6187
0.1413
0.2617
0.7053
0.7032
0.5026
0.4545
0.5866
0.6298
0.397
0.6976
0.7999
0.9428
0.2937
0.3654
0.9744
0.8893
0.1769
0.2001
0.9877
0.6325
0.2405
0.3558
0.4583
0.6279
0.389
0.5722
0.1553
0.4263
0.8088
0.4009
0.5582
0.3205
0.5187
0.6346
0.3605
0.203
0.2112
